(1, 138, 7.0),
(1, 1058, 8.5),
(2, 613, 6.5),
(2, 121, 6.3),
(2, 560, 6.7),
(2, 117, 8.1),
(2, 818, 7.0),
(2, 1073, 6.8),
(2, 334, 5.8),
(3, 691, 6.6),
(4, 817, 9.1),
(4, 812, 8.6),
(4, 448, 9.4),
(4, 920, 8.0),
(4, 1015, 9.4),
(4, 665, 6.8),
(4, 933, 7.8),
(5, 1017, 9.2),
(6, 1139, 7.2),
(6, 718, 9.1),
(6, 367, 7.2),
(6, 1084, 7.4),
(6, 543, 6.3),
(7, 1102, 9.0),
(7, 8, 6.6),
(7, 298, 8.0),
(7, 121, 9.2),
(7, 233, 7.6),
(7, 220, 8.8),
(7, 132, 7.5),
(7, 1090, 7.4),
(7, 421, 6.8),
(8, 634, 7.2),
(9, 41, 8.8),
(9, 1017, 6.5),
(9, 813, 6.4),
(9, 619, 7.9),
(10, 833, 7.0),
(10, 243, 8.3),
(10, 190, 6.6),
(10, 1145, 5.6),
(10, 364, 7.0),
(10, 781, 7.2),
(10, 22, 8.2),
(10, 725, 8.2),
(10, 313, 7.4),
(11, 587, 6.7),
(12, 636, 7.4),
(12, 963, 7.5),
(12, 60, 6.2),
(12, 915, 7.2),
(12, 1085, 5.9),
(12, 288, 5.8),
(12, 380, 7.5),
(13, 1095, 5.2),
(13, 169, 6.3),
(13, 337, 6.8),
(13, 668, 7.9),
(14, 168, 7.1),
(14, 173, 8.8),
(14, 319, 8.1),
(14, 579, 6.1),
(15, 1118, 5.7),
(15, 282, 5.5),
(15, 707, 6.1),
(15, 1004, 5.8),
(15, 794, 7.4),
(15, 88, 5.7),
(15, 915, 7.0),
(16, 942, 7.2),
(16, 536, 8.4),
(16, 1152, 7.2),
(16, 21, 7.1),
(16, 803, 7.4),
(16, 1051, 8.4),
(17, 130, 7.0),
(17, 99, 8.3),
(17, 339, 7.9),
(17, 1009, 7.0),
(17, 71, 8.4),
(17, 465, 7.4),
(17, 221, 9.1),
(17, 776, 9.4),
(17, 902, 9.6),
(18, 992, 9.0),
(18, 879, 6.4),
(18, 422, 7.7),
(18, 206, 8.3),
(19, 769, 7.9),
(19, 181, 7.2),
(19, 1095, 8.3),
(19, 1005, 7.5),
(19, 24, 7.8),
(20, 520, 7.0),
(20, 191, 6.0),
(20, 992, 7.6),
(20, 555, 6.1),
(20, 643, 6.4),
(20, 310, 7.5),
(20, 919, 7.9),
(21, 677, 5.5),
(21, 466, 5.5),
(21, 585, 7.8),
(21, 735, 7.1),
(21, 878, 6.7),
(21, 861, 7.8),
(21, 241, 6.2),
(22, 963, 5.6),
(22, 260, 6.1),
(23, 119, 7.1),
(23, 400, 5.8),
(23, 963, 5.4),
(23, 781, 6.2),
(23, 1066, 7.2),
(23, 259, 4.4),
(23, 940, 4.3),
(23, 159, 4.8),
(24, 20, 5.8),
(24, 93, 6.6),
(24, 234, 5.3),
(24, 509, 7.0),
(25, 197, 5.5),
(25, 594, 7.1),
(25, 79, 5.8),
(25, 135, 6.8),
(25, 409, 6.6),
(25, 519, 6.3),
(25, 1103, 5.3),
(25, 179, 6.6),
(25, 946, 5.1),
(26, 769, 6.4),
(26, 520, 7.7),
(26, 741, 6.7),
(26, 210, 8.6),
(27, 1152, 7.7),
(28, 442, 8.7),
(29, 67, 7.1),
(29, 584, 7.1),
(29, 293, 6.3),
(29, 16, 7.9),
(29, 867, 5.8),
(29, 399, 5.4),
(29, 901, 5.1),
(29, 125, 5.1),
(29, 732, 6.5),
(29, 984, 7.5),
(30, 887, 6.2),
(30, 803, 7.9),
(30, 702, 7.7),
(30, 193, 6.0),
(30, 668, 5.1),
(30, 368, 5.9),
(31, 323, 8.5),
(31, 680, 7.5),
(31, 297, 9.4),
(31, 592, 9.2),
(31, 1016, 9.5),
(32, 50, 6.6),
(33, 804, 6.9),
(33, 172, 6.0),
(33, 777, 6.3),
(33, 610, 7.2),
(34, 912, 8.2),
(34, 696, 6.5),
(34, 217, 7.7),
(34, 185, 7.5),
(34, 982, 8.1),
(34, 327, 8.3),
(34, 1132, 5.9),
(35, 281, 8.5),
(36, 321, 7.7),
(37, 614, 5.7),
(37, 33, 6.9),
(37, 923, 5.6),
(37, 309, 6.3),
(37, 649, 7.2),
(37, 896, 5.3),
(38, 536, 6.6),
(38, 919, 7.0),
(38, 504, 7.8),
(38, 723, 5.5),
(39, 632, 5.3),
(39, 117, 6.0),
(39, 1074, 4.8),
(39, 296, 4.7),
(40, 56, 5.8),
(40, 678, 5.7),
(40, 711, 6.0),
(40, 475, 5.5),
(41, 151, 7.2),
(41, 783, 7.1),
(42, 376, 6.0),
(43, 209, 8.2),
(43, 308, 7.4),
(43, 350, 7.5),
(43, 70, 6.3),
(44, 762, 7.0),
(44, 937, 7.2),
(44, 851, 7.6),
(44, 495, 7.0),
(44, 45, 7.5),
(44, 410, 6.0),
(44, 908, 6.5),
(44, 86, 7.8),
(44, 292, 7.3),
(44, 661, 5.5),
(45, 428, 6.2),
(45, 416, 7.3),
(45, 662, 6.8),
(45, 109, 7.0),
(46, 197, 5.8),
(46, 433, 5.9),
(46, 526, 5.7),
(46, 717, 5.7),
(46, 447, 8.2),
(46, 418, 6.1),
(47, 66, 6.5),
(47, 147, 6.7),
(47, 1098, 8.1),
(47, 162, 9.1),
(47, 487, 7.6),
(47, 584, 7.8),
(47, 657, 7.1),
(48, 405, 6.8),
(49, 456, 8.1),
(49, 730, 9.0),
(49, 365, 8.0),
(49, 867, 9.2),
(49, 858, 9.0),
(49, 878, 9.1),
(50, 188, 6.4),
(51, 3, 7.1),
(51, 1016, 7.0),
(51, 762, 6.8),
(51, 1130, 6.3),
(51, 269, 7.6),
(52, 869, 5.4),
(52, 371, 5.9),
(52, 480, 6.7),
(52, 656, 7.3),
(52, 489, 5.6),
(53, 351, 6.3),
(53, 628, 6.4),
(53, 1083, 5.1),
(54, 406, 7.6),
(54, 311, 6.3),
(54, 646, 8.2),
(54, 951, 6.4),
(54, 570, 6.8),
(54, 946, 7.5),
(54, 343, 5.6),
(54, 640, 5.6),
(54, 714, 6.3),
(55, 386, 7.8),
(55, 647, 5.6),
(55, 615, 5.4),
(55, 1033, 5.8),
(55, 672, 5.2),
(55, 334, 6.2),
(55, 226, 4.9),
(55, 557, 5.7),
(55, 421, 6.1),
(55, 174, 7.2),
(56, 608, 7.7),
(56, 763, 7.8),
(56, 1056, 7.8),
(56, 1061, 6.5),
(56, 1067, 6.5),
(56, 357, 8.7),
(56, 1034, 6.5),
(56, 428, 9.4),
(56, 853, 8.2),
(56, 268, 6.5),
(57, 63, 4.4),
(57, 582, 3.9),
(57, 599, 2.9),
(57, 92, 3.9),
(57, 598, 2.9),
(57, 1102, 3.7),
(57, 604, 5.4),
(57, 938, 2.9),
(58, 301, 9.0),
(58, 765, 6.9),
(58, 900, 8.1),
(58, 115, 8.7),
(58, 61, 7.0),
(58, 375, 8.0),
(59, 694, 5.7),
(59, 281, 5.5),
(59, 808, 6.9),
(59, 648, 5.5),
(59, 269, 5.2),
(60, 1079, 5.5),
(61, 515, 8.9),
(61, 448, 7.5),
(61, 976, 7.8),
(61, 975, 7.2),
(61, 1055, 6.7),
(61, 427, 8.4),
(61, 820, 6.9),
(61, 118, 6.3),
(62, 808, 7.9),
(62, 781, 5.5),
(62, 106, 6.6),
(62, 224, 5.5),
(62, 138, 6.8),
(62, 232, 6.3),
(63, 524, 6.8),
(64, 132, 6.3),
(64, 1013, 5.7),
(64, 739, 5.3),
(64, 938, 5.3),
(64, 387, 5.2),
(64, 718, 6.9),
(64, 362, 4.9),
(64, 360, 6.4),
(65, 955, 6.1),
(65, 670, 7.7),
(65, 39, 7.1),
(65, 265, 8.3),
(65, 787, 8.6),
(65, 196, 8.1),
(65, 675, 7.7),
(65, 1056, 8.1),
(66, 1066, 5.6),
(66, 598, 4.8),
(66, 1026, 3.9),
(66, 1099, 5.8),
(67, 949, 8.3),
(67, 788, 6.8),
(67, 391, 8.5),
(67, 292, 6.4),
(67, 810, 6.3),
(67, 648, 7.4),
(67, 759, 7.0),
(67, 198, 7.6),
(67, 945, 7.5),
(68, 177, 6.8),
(68, 6, 5.2),
(68, 887, 5.3),
(68, 935, 5.2),
(68, 271, 5.3),
(69, 848, 6.0),
(69, 187, 5.7),
(70, 890, 4.9),
(70, 38, 5.3),
(70, 638, 6.4),
(70, 983, 7.0),
(70, 710, 4.9),
(71, 150, 6.7),
(71, 99, 3.8),
(71, 998, 4.4),
(71, 1050, 5.8),
(71, 22, 6.5),
(71, 237, 5.3),
(71, 140, 6.4),
(71, 867, 4.9),
(71, 456, 4.4),
(72, 215, 8.5),
(72, 472, 8.3),
(72, 1089, 8.3),
(72, 438, 8.6),
(72, 46, 7.7),
(72, 300, 7.3),
(73, 174, 6.8),
(73, 154, 6.5),
(73, 1063, 8.1),
(73, 226, 6.5),
(73, 701, 7.3),
(73, 1104, 5.7),
(74, 822, 6.6),
(74, 152, 6.2),
(74, 1001, 7.3),
(74, 1028, 5.7),
(74, 370, 7.6),
(74, 490, 7.8),
(74, 1026, 6.6),
(74, 34, 7.5),
(74, 1148, 7.9),
(75, 580, 7.3),
(75, 967, 7.4),
(75, 228, 7.7),
(75, 91, 6.8),
(75, 537, 8.3),
(75, 310, 6.8),
(75, 198, 6.7),
(75, 241, 7.4),
(76, 22, 8.6),
(77, 691, 7.6),
(77, 398, 7.9),
(77, 200, 7.3),
(77, 373, 8.6),
(77, 467, 7.1),
(77, 482, 6.8),
(77, 617, 6.9),
(78, 835, 8.3),
(78, 340, 8.0),
(78, 465, 6.9),
(78, 455, 8.2),
(78, 755, 8.3),
(78, 569, 7.2),
(78, 504, 6.8),
(78, 184, 6.8),
(78, 357, 6.5),
(79, 1101, 6.8),
(80, 39, 7.0),
(80, 667, 6.4),
(80, 1023, 7.1),
(80, 601, 6.4),
(80, 794, 6.7),
(80, 191, 8.4),
(80, 72, 6.3),
(80, 459, 6.8),
(80, 337, 7.7),
(80, 150, 6.7),
(81, 141, 6.7),
(81, 588, 7.7),
(81, 581, 7.5),
(81, 978, 7.0),
(81, 273, 7.0),
(81, 258, 8.2),
(81, 131, 9.4),
(82, 542, 6.1),
(82, 199, 7.4),
(82, 246, 7.8),
(83, 523, 7.5),
(83, 513, 7.5),
(83, 758, 5.8),
(83, 1007, 8.0),
(84, 941, 7.3),
(84, 496, 8.1),
(84, 302, 7.2),
(84, 939, 7.7),
(84, 944, 6.5),
(84, 79, 6.8),
(85, 425, 8.5),
(85, 27, 9.0),
(85, 323, 7.9),
(85, 111, 7.0),
(85, 81, 7.8),
(85, 952, 7.5),
(85, 1127, 8.9),
(85, 146, 7.3),
(85, 76, 7.5),
(86, 808, 6.6),
(87, 48, 8.4),
(87, 988, 9.2),
(87, 1029, 8.6),
(87, 1039, 6.4),
(87, 847, 7.4),
(87, 85, 9.3),
(87, 599, 8.8),
(87, 873, 9.0),
(88, 433, 4.5),
(88, 126, 6.7),
(88, 917, 5.9),
(88, 333, 5.3),
(88, 699, 5.1),
(88, 6, 6.4),
(88, 357, 7.1),
(89, 1029, 7.5),
(89, 660, 7.9),
(89, 605, 7.0),
(89, 6, 8.7),
(89, 174, 8.2),
(90, 87, 7.7),
(90, 1071, 7.8),
(91, 21, 6.3),
(91, 393, 7.4),
(91, 262, 7.9),
(91, 802, 8.1),
(92, 727, 6.6),
(92, 400, 7.2),
(92, 681, 6.9),
(92, 667, 5.7),
(92, 77, 6.6),
(93, 66, 4.0),
(93, 532, 5.2),
(93, 826, 4.5),
(93, 880, 4.9),
(93, 363, 3.7),
(93, 73, 4.0),
(94, 895, 6.4),
(94, 1107, 6.7),
(94, 378, 8.2),
(94, 766, 5.7),
(95, 750, 6.6),
(96, 943, 8.7),
(96, 642, 8.2),
(96, 1111, 7.6),
(96, 420, 8.4),
(96, 118, 8.4),
(97, 701, 6.9),
(97, 844, 7.8),
(97, 524, 7.4),
(97, 1046, 8.6),
(97, 902, 8.4),
(97, 1038, 7.2),
(97, 423, 9.2),
(97, 1052, 8.3),
(97, 181, 7.1),
(97, 31, 8.9),
(98, 628, 5.7),
(98, 1032, 8.0),
(98, 138, 6.2),
(98, 302, 6.1),
(98, 710, 7.9),
(99, 821, 7.1),
(100, 1048, 5.0),
(101, 1060, 7.9),
(101, 378, 5.7),
(101, 759, 7.9),
(101, 987, 6.5),
(101, 913, 5.9),
(101, 542, 7.3),
(101, 878, 5.7),
(101, 638, 6.3),
(102, 350, 7.7),
(102, 748, 8.4),
(103, 595, 9.1),
(103, 958, 9.2),
(103, 992, 7.9),
(103, 604, 7.1),
(103, 715, 8.7),
(103, 52, 7.0),
(104, 457, 6.4),
(104, 359, 6.0),
(105, 765, 4.3),
(105, 772, 5.3),
(106, 406, 6.0),
(106, 1121, 5.2),
(106, 505, 5.8),
(106, 560, 6.5),
(106, 48, 6.4),
(106, 1043, 5.6),
(106, 130, 5.7),
(106, 871, 6.0),
(106, 174, 7.0),
(107, 772, 5.3),
(108, 375, 8.3),
(109, 884, 8.0),
(109, 892, 8.6),
(109, 23, 5.9),
(109, 640, 8.6),
(109, 96, 7.6),
(109, 650, 7.1),
(110, 914, 7.3),
(110, 1053, 7.0),
(110, 1024, 9.3),
(110, 296, 7.9),
(110, 530, 8.0),
(110, 270, 6.5),
(110, 291, 9.1),
(110, 1075, 8.3),
(110, 881, 8.7),
(110, 149, 7.3),
(111, 618, 7.9),
(111, 500, 9.3),
(111, 595, 9.4),
(111, 1114, 8.8),
(111, 786, 9.3),
(111, 91, 9.7),
(112, 574, 9.3),
(113, 688, 7.7),
(113, 1017, 6.2),
(113, 405, 8.8),
(114, 68, 5.5),
(114, 520, 5.9),
(115, 577, 6.7),
(115, 565, 6.1),
(115, 656, 6.5),
(115, 755, 7.4),
(115, 1017, 5.3),
(115, 78, 6.1),
(116, 506, 7.3),
(116, 528, 8.2),
(116, 166, 6.9),
(116, 692, 8.6),
(116, 816, 7.8),
(117, 134, 8.4),
(117, 566, 6.0),
(118, 668, 6.5),
(118, 72, 8.0),
(118, 226, 7.1),
(119, 105, 6.5),
(120, 70, 7.7),
(120, 345, 8.5),
(120, 867, 8.2),
(120, 588, 7.1),
(121, 414, 5.2),
(121, 794, 4.9),
(121, 90, 5.1),
(121, 478, 6.4),
(121, 153, 5.5),
(122, 546, 7.3),
(123, 449, 7.3),
(123, 1025, 5.7),
(123, 154, 7.8),
(123, 644, 7.4),
(124, 460, 6.8),
(125, 256, 6.8),
(125, 1151, 7.5),
(126, 442, 7.6),
(126, 305, 7.7),
(126, 1042, 8.3),
(126, 352, 8.0),
(126, 10, 8.0),
(126, 520, 6.8),
(126, 192, 8.0),
(127, 1115, 5.6),
(128, 94, 7.4),
(128, 198, 5.9),
(128, 690, 5.9),
(128, 747, 8.1),
(129, 1002, 6.9),
(129, 1096, 7.1),
(129, 702, 7.7),
(129, 776, 7.3),
(129, 687, 8.7),
(129, 396, 7.0),
(129, 332, 9.0),
(129, 930, 7.1),
(130, 764, 8.2),
(130, 40, 6.3),
(130, 684, 8.9),
(130, 657, 6.5),
(130, 113, 7.8),
(130, 1021, 7.8),
(131, 779, 8.4),
(131, 140, 7.5),
(131, 905, 8.5),
(132, 521, 5.8),
(133, 251, 7.6),
(133, 944, 8.8),
(133, 255, 6.9),
(133, 717, 7.0),
(133, 1123, 7.4),
(134, 1029, 6.6),
(135, 638, 6.8),
(135, 595, 7.8),
(135, 972, 8.0),
(135, 794, 8.2),
(135, 826, 8.9),
(135, 407, 7.1),
(135, 135, 9.4),
(136, 138, 6.6),
(137, 611, 6.4),
(137, 106, 7.8),
(137, 972, 6.9),
(137, 1017, 5.6),
(137, 1018, 5.3),
(137, 334, 5.9),
(137, 634, 8.1),
(137, 823, 5.3),
(138, 688, 7.2),
(139, 847, 7.7),
(139, 539, 8.5),
(139, 929, 6.9),
(139, 459, 6.2),
(139, 1117, 8.5),
(139, 517, 8.3),
(139, 558, 8.5),
(139, 418, 8.3),
(140, 705, 6.5),
(140, 475, 7.7),
(140, 634, 7.5),
(140, 904, 6.2),
(140, 1069, 8.5),
(140, 1133, 7.6),
(140, 69, 8.3),
(140, 677, 6.9),
(140, 910, 7.9),
(140, 49, 6.8),
(141, 82, 6.4),
(141, 747, 8.0),
(142, 485, 5.4),
(143, 77, 7.6),
(143, 386, 5.6),
(143, 1036, 7.3),
(144, 971, 7.5),
(144, 447, 7.5),
(144, 153, 6.6),
(144, 967, 7.3),
(144, 593, 7.0),
(145, 325, 8.5),
(145, 629, 6.2),
(145, 841, 7.9),
(145, 594, 6.6),
(145, 816, 6.5),
(146, 298, 7.6),
(147, 1151, 6.8),
(147, 990, 6.5),
(147, 77, 6.2),
(148, 216, 5.8),
(148, 625, 6.4),
(148, 608, 8.0),
(148, 927, 7.3),
(148, 377, 8.5),
(149, 225, 7.2),
(149, 694, 6.3),
(149, 338, 8.8),
(150, 763, 7.8),
(150, 952, 7.0),
(150, 166, 9.5),
(150, 566, 7.1),
(150, 1087, 8.2),
(151, 410, 7.9),
(151, 1115, 8.8),
(151, 252, 8.6),
(151, 594, 7.8),
(151, 969, 6.1),
(151, 767, 7.0),
(151, 586, 6.8),
(151, 202, 8.2),
(151, 841, 7.0),
(152, 363, 7.5),
(152, 1035, 8.4),
(152, 547, 7.4),
(152, 890, 8.0),
(152, 336, 7.1),
(152, 936, 6.8),
(153, 830, 5.9),
(153, 885, 6.4),
(153, 1075, 5.3),
(153, 1025, 7.4),
(153, 45, 6.3),
(153, 940, 6.0),
(153, 738, 7.0),
(154, 370, 8.4),
(154, 754, 6.9),
(154, 361, 7.4),
(154, 205, 6.9),
(154, 868, 8.5),
(154, 544, 6.7),
(154, 372, 7.8),
(154, 343, 8.3),
(155, 430, 7.2),
(155, 13, 7.0),
(155, 719, 5.6),
(156, 112, 6.0),
(157, 101, 7.9),
(158, 611, 6.8),
(158, 841, 7.4),
(158, 907, 5.8),
(158, 561, 7.6),
(158, 926, 6.7),
(158, 342, 7.5),
(158, 426, 8.5),
(159, 121, 6.3),
(159, 148, 7.1),
(160, 263, 7.5),
(160, 357, 6.5),
(160, 14, 6.9),
(160, 536, 5.5),
(160, 170, 6.5),
(160, 1075, 6.8),
(160, 447, 6.4),
(161, 898, 5.4),
(161, 686, 5.6),
(161, 247, 5.1),
(161, 464, 5.1),
(161, 734, 5.4),
(162, 504, 4.8),
(162, 446, 6.6),
(162, 3, 5.1),
(162, 443, 7.3),
(162, 997, 6.6),
(162, 497, 6.3),
(162, 349, 6.7),
(163, 829, 8.0),
(163, 785, 8.0),
(163, 317, 6.3),
(163, 786, 5.6),
(163, 842, 6.3),
(164, 729, 7.3),
(164, 66, 7.3),
(164, 637, 7.5),
(164, 755, 8.3),
(164, 492, 8.3),
(164, 464, 6.8),
(164, 1087, 8.4),
(164, 987, 7.1),
(164, 671, 8.1),
(165, 225, 7.0),
(165, 568, 6.8),
(165, 917, 6.7),
(165, 355, 6.8),
(165, 614, 8.3),
(165, 142, 7.7),
(165, 482, 7.6),
(166, 188, 7.4),
(166, 87, 7.6),
(167, 422, 5.4),
(167, 934, 5.5),
(167, 679, 4.8),
(167, 500, 5.2),
(167, 366, 6.4),
(167, 455, 5.9),
(168, 674, 6.2),
(168, 111, 7.9),
(168, 344, 8.0),
(168, 643, 7.6),
(168, 800, 5.9),
(168, 79, 6.3),
(169, 920, 8.2),
(170, 704, 7.9),
(170, 832, 5.8),
(170, 7, 7.7),
(170, 921, 5.9),
(170, 171, 6.0),
(170, 586, 8.2),
(170, 604, 6.2),
(170, 739, 5.4),
(171, 892, 6.0),
(171, 289, 4.3),
(171, 785, 4.7),
(171, 388, 6.4),
(171, 419, 5.2),
(172, 802, 7.2),
(172, 889, 6.6),
(172, 473, 6.5),
(172, 51, 7.6),
(172, 782, 6.4),
(172, 152, 6.2),
(172, 1057, 5.5),
(173, 753, 7.4),
(174, 760, 7.5),
(175, 649, 7.1),
(175, 703, 6.6),
(175, 701, 6.1),
(176, 699, 8.8),
(177, 977, 9.4),
(178, 72, 5.9),
(178, 388, 6.9),
(178, 437, 8.1),
(178, 1137, 7.5),
(178, 552, 7.7),
(178, 1082, 8.2),
(179, 507, 6.1),
(179, 493, 8.5),
(179, 523, 7.3),
(180, 178, 7.9),
(180, 827, 7.0),
(180, 142, 5.9),
(180, 1027, 6.4),
(180, 716, 6.2),
(181, 1069, 7.1),
(181, 789, 7.1),
(182, 842, 7.5),
(182, 71, 7.7),
(183, 304, 6.0),
(183, 552, 7.3),
(183, 1081, 7.3),
(183, 526, 6.6),
(183, 1078, 6.8),
(183, 379, 7.6),
(183, 448, 5.7),
(184, 474, 7.3),
(184, 555, 8.1),
(184, 201, 6.6),
(184, 567, 6.2),
(184, 202, 7.9),
(184, 177, 7.0),
(185, 275, 8.8),
(185, 924, 7.4),
(185, 904, 6.4),
(186, 766, 7.9),
(186, 284, 9.5),
(186, 782, 8.1),
(186, 1150, 7.8),
(187, 359, 9.8),
(187, 1062, 9.9),
(188, 1135, 8.6),
(188, 621, 7.2),
(188, 887, 7.9),
(188, 642, 7.7),
(188, 1120, 8.3),
(189, 366, 8.5),
(190, 103, 6.6),
(190, 351, 6.1),
(190, 1042, 7.7),
(190, 798, 7.6),
(190, 1072, 6.0),
(190, 566, 6.6),
(190, 518, 8.0),
(190, 500, 7.0),
(191, 953, 5.8),
(191, 652, 5.6),
(192, 778, 6.7),
(193, 295, 6.7),
(193, 797, 7.6),
(193, 776, 8.0),
(194, 356, 8.9),
(194, 682, 6.9),
(194, 313, 8.3),
(194, 914, 8.5),
(194, 238, 7.6),
(194, 80, 6.1),
(194, 1016, 6.3),
(194, 273, 7.9),
(195, 961, 8.8),
(196, 745, 9.8),
(196, 136, 7.4),
(196, 825, 8.8),
(196, 724, 8.9),
(196, 940, 8.6),
(196, 1071, 7.6),
(196, 792, 7.2),
(196, 335, 7.0),
(196, 236, 7.8),
(196, 801, 9.4),
(197, 487, 7.9),
(197, 1048, 7.0),
(197, 1026, 8.2),
(198, 327, 8.1),
(198, 911, 5.7),
(198, 525, 6.9),
(198, 190, 8.5),
(198, 434, 7.8),
(198, 129, 7.0),
(198, 1012, 6.0),
(199, 78, 7.8),
(200, 78, 7.4),
(200, 417, 5.6),
(201, 572, 8.2),
(201, 893, 7.6),
(201, 336, 7.1),
(201, 77, 7.1),
(201, 155, 7.2),
(201, 230, 8.0),
(202, 827, 7.3),
(202, 445, 6.5),
(202, 463, 6.9),
(202, 1053, 7.6),
(202, 1113, 7.2),
(202, 352, 5.8),
(202, 1029, 6.6),
(202, 334, 6.3),
(203, 150, 8.5),
(204, 29, 8.1),
(204, 324, 9.6),
(204, 11, 8.6),
(204, 963, 7.5),
(204, 213, 8.1),
(204, 996, 8.3),
(204, 1091, 7.5),
(205, 540, 8.2),
(205, 816, 7.4),
(205, 995, 6.9),
(205, 457, 6.4),
(205, 24, 7.9),
(206, 757, 6.3),
(206, 744, 7.6),
(206, 1120, 8.4),
(206, 684, 6.2),
(207, 21, 9.5),
(208, 925, 7.6),
(208, 472, 9.2),
(208, 1143, 8.6),
(209, 934, 7.2),
(209, 903, 7.2),
(210, 439, 6.5),
(210, 958, 7.5),
(210, 568, 6.0),
(210, 261, 6.7),
(210, 815, 5.4),
(211, 762, 8.4),
(211, 517, 6.5),
(211, 744, 7.9),
(212, 462, 7.3),
(212, 992, 8.5),
(212, 250, 6.9),
(212, 368, 8.7),
(212, 453, 9.2),
(212, 863, 9.6),
(212, 204, 9.5),
(212, 500, 7.7),
(212, 929, 7.6),
(213, 28, 7.1),
(213, 517, 7.5),
(213, 1144, 6.3),
(213, 645, 7.2),
(213, 863, 7.1),
(214, 1032, 7.3),
(214, 310, 5.2),
(214, 679, 7.4),
(214, 962, 5.5),
(215, 679, 8.7),
(216, 625, 9.8),
(217, 1022, 6.8),
(218, 750, 8.9),
(218, 848, 9.7),
(219, 417, 7.9),
(219, 42, 6.4),
(219, 275, 7.4),
(219, 465, 7.8),
(219, 855, 6.5),
(219, 836, 6.8),
(220, 947, 6.2),
(220, 924, 7.7),
(220, 84, 7.0),
(220, 168, 7.9),
(220, 350, 7.2),
(220, 930, 5.7),
(220, 949, 7.2),
(220, 356, 8.2),
(220, 1056, 7.7),
(220, 117, 5.6),
(221, 298, 6.7),
(221, 501, 7.0),
(221, 1064, 7.5),
(221, 853, 6.9),
(221, 986, 6.5),
(221, 1078, 6.0),
(221, 469, 8.1),
(221, 59, 8.6),
(221, 338, 6.7),
(222, 607, 8.4),
(222, 1119, 7.5),
(222, 595, 7.6),
(222, 1039, 8.5),
(222, 884, 9.0),
(222, 966, 8.2),
(222, 751, 6.7),
(223, 1055, 6.0),
(223, 322, 6.3),
(224, 666, 8.5),
(224, 97, 7.5),
(224, 612, 8.5),
(224, 755, 8.8),
(225, 903, 7.5),
(225, 700, 7.8),
(226, 712, 6.1),
(226, 914, 7.1),
(226, 1047, 7.4),
(226, 606, 5.2),
(226, 351, 5.3),
(226, 1019, 6.9),
(226, 43, 6.5),
(227, 790, 6.9),
(227, 655, 7.3),
(227, 809, 8.6),
(227, 1091, 8.8),
(227, 248, 8.3),
(227, 959, 7.4),
(227, 736, 7.8),
(227, 600, 7.5),
(228, 777, 8.3),
(228, 320, 8.4),
(228, 983, 7.1),
(228, 218, 8.3),
(228, 1123, 6.7),
(228, 276, 6.2),
(228, 165, 6.9),
(228, 272, 6.3),
(228, 1112, 6.3),
(229, 14, 6.5),
(229, 418, 6.5),
(229, 158, 6.7),
(229, 665, 8.0),
(229, 871, 8.6),
(229, 233, 6.6),
(229, 931, 7.2),
(230, 695, 5.5),
(230, 299, 5.7),
(230, 938, 6.2),
(230, 765, 7.7),
(231, 978, 8.9),
(231, 1028, 8.7),
(231, 1081, 8.7),
(231, 921, 6.7),
(231, 826, 6.4),
(231, 144, 7.7),
(231, 924, 9.0),
(232, 454, 4.4),
(233, 538, 5.5),
(233, 979, 5.8),
(233, 38, 5.9),
(233, 839, 7.6),
(233, 584, 5.5),
(234, 98, 7.3),
(234, 511, 7.4),
(234, 572, 6.1),
(234, 713, 6.8),
(235, 231, 7.1),
(235, 195, 6.9),
(235, 1138, 8.7),
(235, 589, 6.4),
(235, 992, 6.6),
(235, 103, 6.8),
(235, 700, 7.1),
(235, 482, 6.3),
(236, 1045, 6.7),
(236, 665, 7.0),
(236, 899, 6.7),
(237, 931, 6.9),
(237, 146, 5.5),
(237, 350, 7.4),
(237, 344, 7.4),
(237, 875, 6.0),
(237, 745, 5.8),
(237, 765, 8.3),
(237, 1084, 7.5),
(237, 6, 7.0),
(237, 1029, 6.1),
(238, 699, 6.5),
(238, 263, 6.3),
(238, 1031, 5.2),
(239, 154, 5.7),
(239, 937, 6.5),
(239, 1137, 5.4),
(239, 838, 5.8),
(239, 635, 5.7),
(239, 655, 8.1),
(239, 179, 7.8),
(239, 877, 6.8),
(240, 583, 7.7),
(240, 51, 6.5),
(240, 714, 5.8),
(240, 575, 6.9),
(240, 387, 5.8),
(240, 115, 7.8),
(240, 857, 7.9),
(241, 1023, 7.1),
(241, 993, 4.5),
(241, 487, 6.9),
(242, 51, 8.0),
(242, 17, 6.1),
(242, 374, 7.6),
(242, 1040, 7.3),
(242, 431, 6.1),
(242, 859, 6.1),
(242, 989, 8.6),
(243, 848, 7.7),
(243, 1134, 5.5),
(243, 796, 6.6),
(244, 1146, 8.1),
(244, 307, 8.0),
(244, 158, 7.9),
(244, 1012, 8.7),
(245, 101, 8.0),
(246, 610, 8.7),
(247, 782, 8.5),
(247, 540, 9.1),
(247, 1150, 7.3),
(247, 375, 7.3),
(247, 963, 7.8),
(248, 960, 9.3),
(248, 1037, 7.0),
(248, 327, 8.7),
(248, 603, 8.3),
(248, 165, 7.8),
(248, 85, 8.3),
(248, 939, 8.9),
(249, 250, 7.0),
(249, 499, 6.9),
(249, 381, 8.8),
(249, 651, 6.8),
(249, 382, 8.5),
(249, 209, 9.6),
(249, 227, 7.0),
(250, 887, 8.7),
(250, 757, 6.1),
(250, 629, 6.7),
(250, 375, 7.3),
(250, 109, 8.9),
(250, 739, 6.5),
(250, 510, 7.7),
(251, 230, 7.7),
(251, 1074, 8.6),
(251, 757, 7.2),
(251, 333, 8.3),
(252, 147, 6.3),
(253, 609, 8.1),
(253, 777, 7.7),
(253, 501, 8.8),
(254, 121, 7.1),
(255, 255, 6.2),
(255, 809, 6.1),
(256, 278, 8.6),
(256, 658, 6.6),
(256, 1066, 8.5),
(256, 437, 8.2),
(256, 719, 7.3),
(257, 1078, 8.3),
(257, 644, 6.8),
(257, 855, 8.5),
(257, 676, 8.5),
(258, 321, 7.1),
(259, 1041, 8.9),
(259, 1052, 9.5),
(260, 886, 6.7),
(261, 1151, 5.9),
(261, 694, 5.1),
(262, 736, 9.5),
(263, 745, 6.9),
(263, 769, 8.0),
(263, 344, 6.8),
(263, 150, 7.6),
(263, 761, 6.0),
(264, 464, 8.0),
(264, 953, 7.1),
(264, 287, 7.4),
(264, 661, 5.9),
(264, 932, 6.1),
(264, 275, 5.6),
(264, 129, 5.3),
(264, 204, 6.3),
(264, 957, 7.1),
(264, 553, 6.2),
(265, 814, 7.4),
(265, 497, 7.6),
(265, 42, 8.9),
(265, 417, 8.0),
(265, 326, 6.7),
(265, 545, 7.6),
(265, 55, 8.9),
(266, 1048, 7.5),
(266, 823, 7.2),
(266, 65, 6.5),
(266, 16, 5.8),
(266, 649, 8.4),
(266, 523, 7.9),
(266, 1034, 6.2),
(266, 564, 6.7),
(267, 554, 8.2),
(268, 1034, 2.9),
(268, 539, 4.3),
(268, 876, 3.8),
(268, 106, 2.7),
(268, 498, 3.9),
(268, 612, 1.8),
(268, 266, 3.3),
(268, 947, 1.5),
(268, 1119, 2.1),
(269, 401, 5.6),
(270, 693, 7.4),
(271, 1036, 9.6),
(271, 642, 7.4),
(271, 583, 9.4),
(272, 6, 8.2),
(273, 1110, 6.9),
(273, 150, 7.9),
(273, 874, 8.9),
(273, 243, 8.7),
(273, 30, 6.6),
(273, 683, 6.6),
(274, 61, 8.1),
(274, 144, 7.3),
(274, 75, 6.3),
(274, 460, 6.8),
(274, 737, 7.6),
(274, 788, 7.8),
(275, 28, 6.6),
(275, 1041, 6.2),
(275, 1056, 7.7),
(275, 498, 8.6),
(275, 317, 8.4),
(275, 249, 6.6),
(276, 728, 7.2),
(276, 516, 7.9),
(276, 816, 6.7),
(276, 899, 8.4),
(276, 167, 7.4),
(276, 33, 7.6),
(276, 332, 8.3),
(276, 987, 6.4),
(276, 540, 6.8),
(277, 336, 6.7),
(277, 624, 7.4),
(278, 141, 7.0),
(278, 515, 5.5),
(278, 1030, 5.3),
(278, 17, 6.2),
(278, 239, 6.4),
(278, 249, 7.3),
(279, 964, 6.2),
(279, 161, 6.7),
(279, 117, 5.2),
(279, 399, 4.4),
(279, 474, 5.4),
(280, 787, 7.3),
(280, 255, 7.8),
(280, 245, 7.7),
(280, 1138, 6.3),
(280, 435, 6.3),
(280, 1062, 8.9),
(280, 194, 6.8),
(281, 1123, 6.0),
(282, 384, 7.4),
(283, 861, 7.5),
(283, 999, 5.3),
(283, 224, 7.0),
(283, 572, 6.2),
(283, 663, 6.5),
(284, 982, 8.5),
(284, 683, 6.6),
(284, 1022, 7.8),
(284, 324, 6.4),
(284, 774, 8.1),
(284, 888, 6.5),
(285, 269, 8.8),
(285, 827, 6.1),
(285, 960, 6.5),
(285, 438, 7.7),
(285, 730, 7.8),
(286, 1021, 7.9),
(286, 504, 6.0),
(286, 829, 7.2),
(286, 95, 7.9),
(286, 654, 5.9),
(286, 231, 7.1),
(287, 260, 7.0),
(287, 698, 5.8),
(287, 789, 7.8),
(287, 253, 7.4),
(287, 402, 8.4),
(287, 42, 6.7),
(287, 431, 6.1),
(288, 694, 5.6),
(288, 612, 6.6),
(288, 260, 6.2),
(289, 1131, 5.1),
(290, 527, 5.9),
(290, 995, 7.2),
(290, 442, 6.5),
(291, 876, 9.7),
(292, 189, 7.2),
(293, 1132, 8.3),
(294, 737, 8.7),
(295, 512, 9.5),
(295, 802, 10.0),
(295, 522, 8.0),
(295, 109, 9.6),
(295, 138, 8.8),
(296, 209, 7.8),
(296, 1072, 9.6),
(296, 64, 9.6),
(296, 566, 9.0),
(296, 296, 9.1),
(296, 187, 8.0),
(296, 122, 7.7),
(296, 864, 7.8),
(296, 210, 8.6),
(296, 173, 9.4),
(297, 283, 6.4),
(297, 656, 6.4),
(297, 572, 7.4),
(297, 733, 6.6),
(297, 54, 6.2),
(298, 987, 6.9),
(298, 721, 6.3),
(298, 1049, 8.8),
(298, 292, 7.8),
(298, 89, 7.8),
(299, 95, 9.2),
(300, 1070, 9.5),
(300, 756, 9.0),
(300, 939, 8.3),
(300, 314, 8.4),
(300, 71, 9.1),
(300, 282, 8.7),
(300, 13, 9.6),
(300, 904, 7.9),
(301, 329, 8.1),
(301, 156, 6.6),
(301, 406, 7.4),
(301, 1133, 6.4),
(301, 484, 6.8),
(301, 510, 8.0),
(301, 1074, 7.9),
(302, 352, 6.8),
(302, 720, 7.7),
(303, 279, 5.6),
(304, 548, 7.3),
(304, 303, 6.5),
(304, 34, 6.0),
(304, 260, 7.8),
(304, 76, 5.9),
(304, 786, 7.9),
(304, 909, 7.9),
(305, 796, 6.5),
(306, 135, 7.5),
(306, 198, 6.6),
(306, 861, 5.5),
(306, 643, 7.4),
(307, 820, 6.0),
(307, 95, 6.4),
(307, 755, 6.2),
(307, 953, 6.2),
(307, 650, 6.6),
(307, 1075, 7.0),
(307, 734, 6.7),
(307, 308, 6.0),
(308, 333, 6.5),
(308, 35, 7.2),
(308, 790, 5.8),
(308, 131, 7.2),
(308, 199, 8.1),
(308, 474, 7.0),
(309, 844, 7.9),
(309, 876, 7.6),
(309, 5, 8.2),
(309, 868, 5.9),
(309, 871, 8.1),
(309, 1082, 8.4),
(309, 114, 5.9),
(309, 944, 8.2),
(309, 1006, 8.7),
(310, 617, 7.2),
(310, 604, 7.8),
(310, 386, 7.9),
(310, 260, 8.4),
(310, 720, 6.9),
(311, 952, 5.7),
(312, 239, 7.4),
(312, 689, 7.7),
(312, 831, 7.0),
(312, 152, 7.5),
(312, 932, 7.4),
(312, 749, 7.9),
(313, 282, 7.4),
(313, 420, 7.8),
(314, 634, 7.5),
(314, 212, 7.5),
(314, 780, 6.2),
(314, 767, 7.4),
(314, 861, 5.1),
(314, 1142, 6.6),
(315, 1069, 8.4),
(315, 755, 8.4),
(315, 606, 7.7),
(316, 51, 8.3),
(316, 938, 6.9),
(317, 38, 8.7),
(317, 865, 6.4),
(317, 358, 7.1),
(317, 420, 6.4),
(317, 113, 8.1),
(317, 523, 6.6),
(317, 1091, 8.6),
(317, 1060, 6.1),
(317, 563, 7.2),
(318, 375, 5.7),
(318, 938, 7.6),
(318, 365, 5.5),
(318, 186, 5.1),
(318, 860, 4.9),
(319, 365, 6.1),
(319, 388, 6.0),
(319, 990, 8.6),
(319, 695, 8.2),
(319, 1054, 6.9),
(320, 483, 8.1),
(321, 1107, 8.1),
(321, 983, 7.7),
(321, 601, 8.5),
(321, 876, 8.6),
(322, 254, 7.8),
(322, 660, 6.8),
(322, 735, 7.7),
(322, 451, 9.4),
(323, 1150, 7.7),
(323, 1143, 7.0),
(323, 814, 8.0),
(323, 266, 6.1),
(323, 1040, 8.0),
(323, 708, 7.7),
(323, 783, 7.8),
(323, 576, 5.9),
(324, 43, 6.0),
(324, 83, 8.3),
(324, 313, 5.8),
(324, 1008, 6.5),
(324, 866, 6.7),
(324, 524, 7.4),
(324, 413, 7.4),
(324, 732, 6.1),
(325, 110, 7.9),
(325, 961, 8.6),
(325, 776, 8.1),
(325, 633, 5.9),
(325, 462, 5.9),
(325, 561, 6.1),
(325, 859, 7.0),
(325, 168, 5.8),
(326, 590, 8.1),
(326, 630, 8.4),
(326, 108, 8.8),
(326, 826, 7.0),
(326, 766, 7.0),
(326, 497, 6.9),
(326, 453, 8.0),
(326, 685, 7.4),
(327, 850, 6.4),
(328, 251, 6.7),
(328, 175, 5.3),
(328, 503, 5.4),
(328, 77, 7.4),
(328, 906, 5.8),
(328, 348, 5.4),
(328, 308, 5.1),
(328, 56, 5.0),
(328, 946, 4.9),
(329, 241, 6.7),
(329, 170, 7.0),
(329, 61, 6.7),
(329, 396, 5.6),
(329, 991, 6.3),
(329, 120, 5.2),
(330, 415, 6.3),
(330, 827, 8.3),
(330, 272, 7.6),
(330, 509, 8.1),
(330, 702, 7.4),
(330, 958, 8.7),
(330, 385, 7.3),
(331, 470, 4.4),
(332, 95, 8.6),
(332, 1064, 6.4),
(333, 1130, 7.5),
(333, 1086, 8.2),
(333, 322, 6.5),
(333, 743, 7.3),
(333, 326, 6.7),
(333, 332, 6.4),
(334, 430, 7.2),
(334, 665, 7.8),
(334, 273, 7.7),
(334, 338, 6.4),
(334, 1030, 9.0),
(334, 1140, 7.6),
(335, 216, 5.1),
(335, 193, 5.6),
(335, 898, 5.5),
(335, 878, 7.6),
(335, 31, 5.3),
(336, 905, 5.9),
(336, 187, 6.6),
(336, 222, 6.7),
(336, 159, 6.3),
(336, 201, 7.0),
(336, 684, 8.1),
(337, 548, 7.1),
(337, 181, 7.4),
(337, 155, 6.5),
(338, 496, 6.8),
(339, 830, 6.3),
(339, 863, 6.0),
(340, 278, 6.9),
(340, 891, 7.2),
(340, 542, 6.1),
(341, 1056, 5.2),
(341, 1030, 6.0),
(341, 1132, 7.3),
(341, 260, 6.1),
(342, 870, 7.9),
(342, 328, 9.0),
(342, 521, 9.2),
(342, 1028, 6.8),
(342, 230, 6.8),
(342, 85, 7.2),
(343, 580, 5.0),
(343, 1096, 7.2),
(343, 145, 6.1),
(343, 380, 6.7),
(343, 460, 5.9),
(344, 307, 7.3),
(345, 436, 6.5),
(345, 21, 5.8),
(345, 1048, 8.0),
(345, 554, 6.7),
(345, 744, 6.7),
(345, 575, 7.8),
(346, 785, 7.8),
(346, 343, 7.1),
(346, 1006, 8.0),
(347, 211, 6.7),
(347, 566, 5.9),
(347, 708, 5.7),
(347, 767, 7.1),
(347, 105, 7.3),
(347, 16, 5.7),
(348, 606, 6.9),
(348, 393, 9.1),
(348, 1042, 8.5),
(348, 388, 6.9),
(348, 635, 6.8),
(348, 223, 7.4),
(348, 1093, 6.4),
(348, 610, 8.1),
(349, 1030, 6.9),
(349, 459, 7.3),
(349, 886, 6.7),
(349, 909, 7.3),
(350, 180, 6.6),
(350, 1, 6.2),
(350, 374, 6.3),
(350, 888, 8.2),
(351, 861, 6.6),
(351, 570, 6.3),
(351, 659, 6.2),
(351, 312, 7.3),
(351, 495, 7.5),
(351, 193, 5.7),
(351, 1149, 6.8),
(351, 464, 5.3),
(352, 362, 8.5),
(353, 606, 7.0),
(353, 219, 6.3),
(353, 574, 6.0),
(353, 1049, 8.6),
(353, 708, 7.2),
(353, 1108, 8.2),
(353, 491, 7.3),
(353, 352, 8.2),
(354, 986, 7.6),
(354, 796, 9.6),
(354, 643, 7.4),
(354, 683, 9.5),
(354, 95, 8.8),
(354, 724, 7.2),
(354, 975, 10.0),
(355, 27, 4.7),
(356, 744, 8.2),
(356, 751, 7.2),
(356, 118, 6.0),
(357, 92, 6.6),
(357, 673, 5.3),
(357, 322, 7.4),
(357, 494, 7.5),
(358, 703, 7.2),
(358, 600, 9.3),
(358, 48, 9.3),
(358, 866, 6.8),
(359, 271, 7.2),
(359, 614, 8.6),
(359, 516, 8.9),
(359, 1151, 9.6),
(360, 575, 6.4),
(360, 897, 7.1),
(360, 1065, 7.4),
(360, 542, 8.3),
(360, 289, 8.5),
(360, 1026, 7.1),
(360, 424, 7.1),
(361, 502, 6.5),
(361, 191, 7.2),
(361, 491, 7.1),
(361, 685, 6.4),
(361, 882, 8.7),
(361, 1129, 7.8),
(361, 61, 6.6),
(361, 688, 8.6),
(362, 224, 7.1),
(362, 760, 6.5),
(362, 851, 7.8),
(362, 344, 8.3),
(362, 988, 8.2),
(362, 596, 8.7),
(362, 207, 7.7),
(362, 685, 6.9),
(363, 753, 6.1),
(364, 210, 5.1),
(364, 194, 5.1),
(364, 552, 6.2),
(364, 464, 7.5),
(364, 246, 7.1),
(365, 496, 7.4),
(365, 267, 6.8),
(366, 620, 7.5),
(367, 1107, 7.1),
(367, 734, 8.4),
(368, 87, 6.9),
(368, 769, 8.0),
(369, 926, 7.8),
(369, 1008, 7.9),
(369, 303, 6.1),
(369, 771, 6.7),
(369, 883, 6.0),
(369, 469, 8.3),
(369, 497, 8.7),
(370, 1021, 7.1),
(370, 1008, 6.6),
(370, 855, 6.8),
(370, 726, 6.6),
(370, 13, 7.9),
(370, 642, 6.4),
(371, 84, 5.4),
(371, 153, 6.3),
(371, 368, 5.5),
(371, 218, 7.4),
(371, 147, 7.0),
(372, 909, 6.5),
(372, 241, 5.2),
(372, 918, 6.2),
(372, 634, 5.9),
(373, 234, 6.6),
(373, 691, 7.8),
(373, 147, 6.0),
(373, 420, 7.6),
(373, 507, 7.0),
(373, 631, 8.4),
(374, 990, 5.4),
(374, 573, 7.1),
(374, 19, 6.3),
(374, 784, 6.7),
(374, 452, 5.3),
(375, 980, 7.4),
(375, 164, 8.5),
(376, 257, 6.8),
(376, 436, 7.0),
(376, 1046, 8.8),
(376, 494, 8.0),
(376, 1039, 8.8),
(376, 180, 7.2),
(376, 407, 7.9),
(377, 397, 8.2),
(377, 111, 7.9),
(377, 574, 6.7),
(378, 233, 9.2),
(378, 480, 9.2),
(378, 515, 9.4),
(378, 521, 7.2),
(378, 745, 7.4),
(378, 845, 8.7),
(379, 1121, 5.8),
(379, 775, 7.7),
(379, 828, 7.7),
(379, 752, 7.2),
(379, 1021, 7.0),
(379, 930, 7.8),
(379, 916, 6.7),
(379, 978, 6.0),
(379, 538, 6.7),
(380, 973, 5.7),
(381, 1073, 7.2),
(382, 152, 5.3),
(382, 802, 7.1),
(383, 331, 8.0),
(384, 105, 7.0),
(384, 549, 8.5),
(384, 250, 6.9),
(384, 975, 6.7),
(385, 993, 7.7),
(385, 598, 7.8),
(385, 1061, 8.7),
(385, 424, 7.4),
(385, 535, 7.3),
(386, 770, 8.3),
(386, 461, 8.3),
(386, 628, 6.6),
(387, 414, 8.8),
(387, 631, 7.5),
(387, 963, 5.9),
(387, 664, 8.3),
(387, 623, 6.8),
(387, 399, 6.3),
(387, 40, 6.3),
(387, 333, 6.5),
(388, 124, 6.1),
(388, 273, 7.3),
(388, 978, 7.2),
(388, 445, 6.6),
(389, 553, 7.6),
(390, 500, 6.1),
(390, 720, 4.3),
(391, 1124, 5.0),
(391, 450, 7.0),
(391, 676, 6.8),
(391, 709, 7.5),
(392, 782, 6.0),
(392, 830, 5.3),
(392, 763, 6.3),
(392, 122, 5.8),
(392, 550, 4.6),
(392, 1141, 5.2),
(393, 547, 6.9),
(394, 32, 4.7),
(394, 668, 4.8),
(394, 484, 7.2),
(394, 868, 7.0),
(394, 69, 5.2),
(394, 554, 6.0),
(394, 143, 6.0),
(394, 439, 5.5),
(395, 173, 7.6),
(396, 138, 7.6),
(396, 691, 8.1),
(396, 775, 9.0),
(396, 170, 8.5),
(396, 1091, 6.7),
(397, 782, 6.9),
(397, 224, 7.5),
(397, 965, 6.2),
(397, 634, 7.3),
(397, 432, 8.6),
(397, 218, 8.8),
(397, 996, 8.8),
(397, 129, 7.0),
(397, 788, 8.5),
(397, 102, 7.4),
(398, 121, 6.9),
(399, 1147, 6.3),
(399, 934, 8.1),
(399, 562, 6.8),
(399, 293, 6.7),
(399, 922, 6.2),
(399, 798, 8.6),
(399, 805, 8.4),
(399, 212, 7.6),
(400, 523, 8.4),
(400, 486, 7.2),
(400, 770, 9.1),
(400, 857, 8.7),
(400, 18, 7.4),
(400, 558, 7.4),
(400, 472, 8.2),
(400, 460, 7.3),
(401, 246, 8.9),
(401, 852, 7.1),
(401, 624, 8.0),
(401, 481, 8.2),
(401, 952, 9.1),
(402, 13, 8.3),
(402, 291, 7.4),
(402, 1055, 6.6),
(403, 928, 6.2),
(403, 272, 6.1),
(403, 784, 7.6),
(403, 1135, 7.1),
(404, 775, 6.7),
(405, 929, 8.5),
(405, 217, 6.2),
(405, 145, 6.5),
(405, 311, 7.6),
(405, 506, 5.8),
(405, 269, 6.2),
(405, 173, 6.9),
(405, 286, 7.5),
(406, 419, 8.0),
(407, 732, 7.2),
(407, 437, 8.1),
(407, 903, 7.8),
(408, 470, 7.1),
(409, 1117, 5.6),
(410, 1014, 8.0),
(410, 293, 7.5),
(410, 638, 7.5),
(410, 254, 7.9),
(410, 171, 8.9),
(410, 170, 6.4),
(410, 717, 7.5),
(410, 426, 8.7),
(410, 661, 7.1),
(411, 727, 8.4),
(412, 188, 6.2),
(412, 550, 7.3),
(412, 479, 6.8),
(412, 970, 7.4),
(413, 895, 7.4),
(414, 1056, 7.4),
(414, 955, 6.5),
(414, 1039, 7.5),
(414, 180, 5.5),
(414, 764, 7.4),
(414, 832, 6.2),
(414, 991, 8.2),
(415, 462, 6.9),
(415, 263, 6.7),
(415, 391, 6.5),
(415, 861, 8.6),
(415, 994, 7.5),
(415, 896, 7.2),
(415, 120, 6.3),
(416, 368, 8.5),
(417, 12, 8.5),
(418, 663, 8.5),
(418, 1067, 8.2),
(418, 443, 7.1),
(418, 242, 8.8),
(419, 47, 6.4),
(419, 767, 6.4),
(419, 401, 6.4),
(419, 854, 5.5),
(419, 583, 5.7),
(419, 998, 7.6),
(419, 142, 7.7),
(419, 985, 6.5),
(419, 175, 6.2),
(419, 344, 5.7),
(420, 850, 7.3),
(420, 417, 8.1),
(420, 770, 7.6),
(420, 601, 8.0),
(420, 254, 6.9),
(420, 551, 6.5),
(421, 938, 5.5),
(421, 722, 6.7),
(421, 1124, 7.5),
(421, 548, 7.1),
(421, 99, 8.2),
(421, 897, 5.6),
(421, 501, 7.0),
(421, 336, 6.2),
(422, 183, 6.7),
(422, 894, 9.0),
(422, 627, 7.6),
(422, 768, 7.7),
(422, 264, 8.1),
(422, 989, 8.0),
(422, 83, 7.5),
(423, 774, 7.2),
(423, 156, 8.3),
(423, 921, 7.9),
(423, 239, 6.0),
(423, 590, 5.4),
(424, 1030, 6.6),
(424, 693, 6.6),
(425, 885, 6.7),
(425, 301, 7.4),
(425, 293, 7.3),
(425, 621, 5.9),
(425, 441, 5.1),
(425, 573, 5.6),
(425, 474, 5.4),
(425, 793, 6.5),
(426, 610, 6.7),
(426, 220, 8.1),
(426, 701, 6.0),
(426, 214, 6.1),
(426, 212, 6.1),
(426, 410, 6.4),
(427, 827, 6.5),
(427, 1082, 7.3),
(427, 549, 7.0),
(427, 225, 7.9),
(427, 522, 6.5),
(428, 458, 4.8),
(428, 1054, 6.0),
(428, 963, 6.6),
(428, 691, 5.7),
(429, 998, 4.3),
(430, 116, 7.8),
(430, 435, 7.6),
(430, 737, 8.5),
(430, 337, 8.3),
(430, 531, 7.4),
(430, 292, 7.0),
(430, 908, 6.5),
(430, 954, 6.3),
(430, 120, 8.1),
(430, 214, 5.8),
(431, 1105, 7.1),
(431, 440, 9.4),
(431, 495, 9.1),
(431, 949, 7.5),
(431, 740, 9.2),
(431, 1076, 7.1),
(432, 1148, 7.8),
(432, 1136, 7.1),
(432, 785, 8.3),
(432, 209, 9.1),
(432, 404, 8.1),
(432, 941, 6.6),
(432, 27, 6.8),
(432, 998, 7.9),
(432, 802, 6.7),
(432, 423, 8.4),
(433, 512, 7.3),
(433, 291, 7.9),
(433, 1037, 9.5),
(433, 848, 8.3),
(433, 464, 8.8),
(433, 378, 6.6),
(434, 596, 6.4),
(434, 713, 7.5),
(435, 669, 6.2),
(435, 1062, 7.6),
(435, 946, 8.2),
(436, 1149, 6.3),
(437, 244, 7.3),
(437, 949, 7.0),
(437, 515, 5.6),
(437, 959, 7.1),
(437, 722, 6.3),
(437, 6, 5.4),
(438, 500, 8.8),
(438, 986, 7.4),
(438, 695, 8.2),
(438, 901, 7.6),
(438, 761, 7.6),
(438, 459, 8.1),
(438, 141, 7.2),
(439, 479, 7.3),
(439, 1021, 6.2),
(439, 659, 7.7),
(440, 486, 7.9),
(440, 48, 7.2),
(440, 321, 8.7),
(440, 504, 7.0),
(440, 318, 6.5),
(441, 200, 7.4),
(441, 688, 9.3),
(441, 170, 8.6),
(441, 181, 8.3),
(441, 333, 6.3),
(441, 300, 7.2),
(441, 105, 7.6),
(442, 621, 6.7),
(442, 997, 4.8),
(442, 499, 7.2),
(442, 298, 5.7),
(442, 876, 5.8),
(442, 717, 6.8),
(442, 291, 6.1),
(442, 151, 6.0),
(442, 626, 5.7),
(443, 735, 6.1),
(443, 326, 6.6),
(443, 423, 7.9),
(444, 221, 8.4),
(444, 374, 6.8),
(444, 95, 7.8),
(444, 165, 7.6),
(444, 58, 9.0),
(444, 100, 8.8),
(444, 368, 6.3),
(444, 1144, 8.6),
(445, 374, 7.3),
(445, 378, 9.0),
(445, 209, 6.8),
(445, 626, 9.0),
(445, 652, 7.2),
(445, 472, 6.8),
(445, 668, 9.1),
(446, 654, 8.5),
(446, 462, 7.9),
(446, 1003, 7.7),
(446, 116, 7.9),
(446, 147, 7.0),
(446, 621, 7.6),
(446, 547, 9.2),
(446, 999, 6.4),
(446, 1142, 9.0),
(447, 797, 9.1),
(447, 784, 6.3),
(447, 644, 8.8),
(447, 157, 7.7),
(447, 9, 7.0),
(447, 472, 8.2),
(447, 271, 8.5),
(447, 18, 8.9),
(447, 374, 7.7),
(448, 487, 6.6),
(449, 746, 6.4),
(450, 69, 7.3),
(450, 795, 9.0),
(450, 1052, 7.1),
(450, 540, 6.4),
(450, 358, 7.2),
(451, 659, 6.8),
(451, 746, 8.5),
(451, 472, 7.2),
(451, 308, 8.5),
(451, 433, 6.2),
(451, 1030, 6.5),
(451, 873, 8.5),
(451, 771, 7.9),
(452, 630, 5.6),
(452, 262, 8.1),
(453, 1036, 9.3),
(453, 770, 9.2),
(453, 718, 7.2),
(453, 933, 9.5),
(453, 534, 7.2),
(453, 516, 9.1),
(453, 105, 6.8),
(453, 403, 7.5),
(454, 626, 7.0),
(454, 243, 6.2),
(454, 484, 8.3),
(454, 486, 8.0),
(454, 844, 6.6),
(454, 661, 8.2),
(455, 1078, 6.0),
(455, 18, 5.6),
(455, 704, 6.9),
(455, 474, 7.5),
(456, 256, 6.6),
(456, 190, 6.9),
(457, 687, 6.6),
(457, 940, 7.0),
(457, 6, 6.4),
(458, 857, 5.7),
(458, 989, 7.4),
(458, 131, 8.6),
(458, 1029, 7.9),
(458, 1039, 7.9),
(458, 1002, 5.8),
(458, 393, 6.1),
(458, 719, 7.0),
(458, 167, 8.0),
(458, 1134, 7.1),
(459, 561, 9.3),
(460, 326, 8.5),
(461, 122, 7.1),
(461, 438, 6.7),
(461, 1084, 6.2),
(461, 451, 8.6),
(461, 553, 6.5),
(461, 735, 6.4),
(462, 63, 7.2),
(462, 508, 7.1),
(462, 131, 7.4),
(462, 1040, 7.2),
(462, 437, 6.4),
(462, 195, 6.6),
(462, 32, 8.1),
(463, 615, 7.7),
(463, 1084, 8.6),
(463, 742, 6.8),
(464, 451, 7.4),
(465, 627, 9.3),
(465, 25, 7.3),
(465, 63, 6.8),
(465, 1121, 7.9),
(465, 319, 7.9),
(466, 104, 9.0),
(466, 290, 9.1),
(466, 329, 6.5),
(466, 664, 7.7),
(466, 702, 9.1),
(466, 418, 7.5),
(466, 1150, 7.9),
(467, 632, 7.1),
(467, 627, 7.0),
(467, 403, 6.7),
(467, 330, 5.5),
(467, 787, 7.9),
(468, 952, 3.9),
(468, 706, 5.0),
(469, 43, 5.5),
(469, 1126, 4.3),
(469, 309, 6.5),
(469, 1088, 5.2),
(469, 522, 4.0),
(469, 62, 4.3),
(469, 420, 4.8),
(469, 645, 5.0),
(470, 985, 6.8),
(471, 882, 6.0),
(471, 195, 7.2),
(471, 967, 6.6),
(471, 524, 7.0),
(471, 39, 7.9),
(471, 1148, 7.8),
(471, 802, 8.2),
(471, 720, 8.1),
(471, 1001, 6.1),
(472, 99, 7.3),
(472, 162, 6.1),
(472, 661, 6.2),
(472, 867, 7.0),
(472, 226, 8.6),
(472, 20, 8.8),
(472, 1128, 7.9),
(472, 15, 6.7),
(473, 546, 7.7),
(473, 647, 8.3),
(473, 698, 6.2),
(473, 906, 8.4),
(474, 477, 7.8),
(475, 169, 7.3),
(475, 1025, 7.4),
(475, 469, 6.5),
(475, 527, 8.3),
(475, 809, 9.2),
(475, 694, 7.6),
(475, 797, 7.1),
(475, 306, 7.8),
(475, 48, 6.8),
(476, 831, 5.6),
(476, 179, 7.9),
(476, 335, 8.4),
(476, 857, 6.6),
(476, 266, 6.4),
(476, 446, 5.4),
(476, 464, 8.2),
(477, 775, 5.2),
(477, 854, 7.1),
(477, 593, 4.8),
(477, 11, 5.2),
(477, 1082, 7.1),
(477, 1144, 7.6),
(477, 643, 5.3),
(478, 101, 7.6),
(478, 395, 8.2),
(478, 734, 8.7),
(478, 361, 8.0),
(478, 550, 8.4),
(478, 1088, 6.3),
(478, 846, 7.4),
(479, 143, 8.4),
(480, 66, 6.9),
(480, 518, 8.4),
(480, 224, 8.7),
(480, 56, 8.3),
(480, 908, 8.8),
(480, 1152, 7.3),
(480, 815, 6.1),
(480, 62, 6.0),
(480, 340, 7.6),
(480, 17, 7.4),
(481, 525, 9.1),
(481, 972, 8.0),
(481, 919, 8.1),
(481, 58, 7.8),
(481, 983, 6.8),
(481, 941, 9.5),
(482, 911, 7.3),
(482, 768, 8.0),
(482, 339, 6.3),
(482, 820, 7.5),
(482, 516, 6.1),
(483, 263, 7.9),
(483, 601, 5.6),
(483, 410, 6.3),
(483, 133, 6.8),
(483, 627, 6.9),
(483, 280, 7.8),
(484, 5, 5.2),
(484, 139, 7.4),
(484, 31, 5.8),
(484, 257, 5.8),
(484, 124, 6.7),
(484, 558, 5.5),
(484, 181, 6.4),
(484, 718, 5.8),
(485, 348, 6.7),
(485, 826, 7.0),
(485, 159, 8.5),
(486, 336, 6.2),
(486, 628, 7.5),
(487, 87, 6.1),
(488, 188, 7.4),
(488, 727, 7.7),
(489, 868, 7.1),
(489, 296, 5.0),
(489, 541, 6.8),
(489, 901, 5.4),
(489, 315, 5.7),
(490, 703, 8.3),
(490, 463, 8.9),
(490, 207, 6.9),
(490, 532, 8.9),
(490, 726, 9.0),
(490, 803, 8.6),
(490, 5, 6.6),
(490, 619, 8.1),
(490, 394, 7.6),
(491, 379, 7.0),
(492, 1133, 6.3),
(493, 1138, 4.3),
(493, 29, 5.7),
(493, 857, 4.9),
(493, 439, 6.7),
(493, 854, 5.8),
(494, 1106, 5.5),
(495, 42, 4.3),
(495, 25, 4.7),
(495, 459, 5.7),
(496, 292, 9.1),
(496, 499, 8.8),
(496, 945, 8.7),
(496, 1097, 7.9),
(496, 775, 9.4),
(496, 188, 7.8),
(496, 30, 7.1),
(496, 1033, 9.2),
(497, 25, 7.2),
(497, 79, 7.3),
(497, 783, 9.0),
(497, 1001, 9.0),
(497, 936, 7.9),
(497, 2, 6.7),
(497, 1046, 6.9),
(497, 996, 7.7),
(497, 598, 6.5),
(497, 257, 8.1),
(498, 1044, 7.3),
(499, 542, 6.4),
(500, 621, 7.5),
(500, 763, 7.2),
(500, 469, 7.3),
(500, 978, 7.6),
(500, 798, 8.5),
(500, 757, 6.9),
(500, 898, 9.1),
(500, 4, 8.7),
(500, 546, 7.1),
(500, 639, 7.7),
(501, 62, 5.8),
(502, 872, 7.6),
(502, 453, 7.0),
(502, 40, 6.0),
(502, 109, 6.3),
(502, 366, 6.1),
(503, 902, 4.3),
(503, 353, 5.7),
(503, 1073, 3.7),
(503, 404, 3.4),
(503, 549, 4.2),
(503, 797, 4.2),
(503, 91, 4.2),
(504, 17, 6.8),
(504, 738, 7.1),
(504, 383, 7.7),
(505, 118, 6.5),
(505, 286, 8.8),
(505, 207, 9.0),
(506, 181, 7.9),
(506, 426, 5.5),
(507, 1076, 6.2),
(507, 80, 7.8),
(507, 829, 8.3),
(507, 801, 9.0),
(507, 728, 8.4),
(507, 654, 6.8),
(507, 1022, 8.4),
(508, 761, 7.1),
(509, 925, 6.5),
(509, 104, 7.0),
(510, 555, 5.6),
(510, 290, 6.0),
(510, 332, 6.5),
(510, 779, 6.4),
(510, 699, 7.8),
(510, 439, 4.8),
(510, 759, 5.2),
(511, 31, 5.8),
(512, 522, 7.2),
(513, 158, 7.3),
(513, 411, 8.1),
(513, 843, 8.7),
(513, 771, 7.1),
(513, 308, 7.0),
(513, 912, 7.9),
(513, 784, 6.3),
(514, 694, 7.0),
(514, 262, 7.7),
(514, 987, 8.4),
(515, 524, 8.4),
(515, 374, 8.9),
(515, 250, 9.0),
(516, 786, 6.1),
(516, 415, 5.0),
(516, 946, 6.8),
(516, 1111, 5.3),
(516, 594, 5.8),
(516, 284, 4.5),
(516, 1008, 6.1),
(517, 1064, 6.2),
(517, 1122, 6.8),
(517, 827, 5.7),
(517, 344, 7.0),
(517, 846, 4.9),
(517, 114, 4.7),
(517, 1081, 7.7),
(517, 635, 6.4),
(518, 1147, 7.3),
(518, 952, 6.3),
(518, 592, 5.9),
(518, 137, 6.2),
(518, 1002, 5.6),
(518, 638, 7.6),
(518, 797, 5.7),
(519, 437, 6.9),
(519, 5, 6.4),
(519, 1036, 8.5),
(519, 287, 7.5),
(519, 615, 7.2),
(519, 335, 7.1),
(519, 225, 8.6),
(519, 954, 5.8),
(520, 323, 6.8),
(521, 559, 8.0),
(521, 1018, 6.5),
(521, 982, 6.3),
(521, 747, 7.0),
(521, 383, 7.8),
(521, 1097, 6.3),
(522, 786, 7.6),
(522, 768, 6.5),
(522, 952, 7.9),
(522, 946, 8.6),
(522, 944, 6.8),
(522, 486, 7.6),
(522, 289, 6.9),
(522, 39, 6.8),
(522, 515, 7.4),
(522, 13, 9.0),
(523, 497, 5.8),
(523, 327, 8.3),
(523, 462, 8.4),
(523, 500, 7.0),
(523, 189, 7.9),
(523, 160, 6.3),
(523, 861, 6.0),
(523, 989, 6.6),
(524, 629, 8.4),
(524, 448, 7.0),
(524, 243, 6.7),
(524, 624, 8.6),
(525, 1135, 6.4),
(526, 306, 6.5),
(526, 407, 4.8),
(526, 811, 4.9),
(526, 708, 4.6),
(526, 30, 6.2),
(526, 1090, 5.0),
(526, 70, 4.6),
(526, 165, 7.1),
(527, 141, 6.7),
(527, 217, 5.3),
(527, 631, 6.5),
(527, 696, 5.0),
(527, 737, 6.7),
(527, 103, 5.6),
(528, 871, 6.2),
(528, 135, 8.2),
(528, 931, 6.2),
(528, 1030, 6.7),
(528, 549, 7.7),
(528, 149, 6.8),
(529, 1070, 6.3),
(529, 571, 6.6),
(529, 190, 7.9),
(529, 899, 8.1),
(530, 229, 4.7),
(530, 87, 4.5),
(530, 397, 5.6),
(530, 300, 3.4),
(530, 140, 5.8),
(530, 524, 4.0),
(531, 1084, 9.0),
(531, 832, 8.0),
(531, 780, 6.8),
(531, 706, 8.0),
(531, 124, 6.9),
(531, 819, 8.0),
(532, 328, 6.6),
(532, 475, 6.8),
(533, 176, 8.0),
(534, 222, 5.7),
(534, 159, 7.9),
(534, 664, 7.4),
(534, 263, 6.2),
(534, 192, 6.4),
(534, 493, 7.6),
(535, 558, 7.0),
(535, 424, 6.5),
(535, 446, 5.2),
(535, 799, 8.0),
(535, 407, 6.5),
(535, 1055, 5.6),
(535, 978, 7.1),
(535, 220, 7.7),
(536, 21, 6.5),
(536, 104, 7.6),
(536, 360, 6.4),
(536, 791, 8.6),
(536, 800, 7.9),
(536, 1149, 8.0),
(536, 1026, 5.9),
(536, 795, 6.1),
(536, 1151, 8.2),
(537, 469, 7.8),
(537, 731, 6.0),
(537, 1150, 7.8),
(537, 814, 7.9),
(537, 306, 5.5),
(537, 545, 6.0),
(537, 693, 6.2),
(537, 173, 6.4),
(538, 610, 5.5),
(539, 636, 8.7),
(539, 1016, 7.5),
(539, 444, 6.3),
(539, 107, 6.0),
(539, 1010, 7.4),
(539, 614, 7.1),
(539, 436, 7.6),
(540, 916, 6.6),
(541, 358, 7.4),
(541, 250, 7.6),
(541, 18, 6.8),
(541, 955, 5.2),
(541, 635, 5.6),
(542, 865, 6.9),
(542, 421, 8.4),
(543, 869, 8.2),
(543, 1002, 7.7),
(543, 482, 6.8),
(543, 574, 7.3),
(543, 194, 6.8),
(543, 503, 7.7),
(543, 529, 7.0),
(544, 245, 7.4),
(544, 789, 7.5),
(544, 1119, 6.1),
(544, 462, 7.3),
(544, 162, 8.9),
(544, 650, 8.5),
(544, 446, 6.6),
(544, 189, 7.0),
(545, 586, 4.3),
(545, 1134, 6.6),
(546, 899, 9.7),
(547, 664, 7.7),
(547, 1025, 8.8),
(547, 928, 6.8),
(547, 296, 8.7),
(547, 626, 7.1),
(547, 827, 8.9),
(547, 796, 7.2),
(548, 1054, 7.2),
(548, 124, 5.5),
(548, 805, 6.4),
(548, 115, 5.8),
(548, 360, 5.6),
(548, 76, 5.9),
(549, 234, 8.3),
(550, 53, 7.5),
(551, 713, 6.6),
(551, 432, 4.4),
(551, 1132, 6.4),
(551, 1144, 7.1),
(551, 831, 6.0),
(551, 1040, 5.5),
(551, 330, 4.5),
(551, 734, 5.1),
(552, 174, 6.6),
(553, 203, 4.7),
(553, 624, 5.1),
(553, 71, 5.5),
(553, 532, 3.7),
(553, 877, 5.0),
(553, 676, 4.8),
(553, 931, 3.9),
(553, 805, 6.0),
(553, 607, 4.3),
(553, 286, 6.2),
(554, 415, 7.8),
(554, 500, 6.6),
(554, 109, 6.7),
(554, 246, 8.0),
(554, 920, 6.3),
(554, 161, 9.1),
(554, 438, 8.6),
(554, 136, 7.6),
(555, 600, 6.9),
(555, 691, 7.0),
(555, 1121, 6.4),
(556, 710, 4.9),
(556, 230, 6.3),
(556, 892, 6.2),
(557, 11, 7.1),
(557, 463, 8.0),
(557, 791, 6.0),
(557, 256, 6.8),
(557, 825, 6.3),
(557, 1028, 6.5),
(557, 80, 6.6),
(557, 476, 8.0),
(558, 1094, 7.7),
(558, 892, 6.3),
(558, 749, 8.4),
(558, 786, 6.0),
(558, 419, 7.8),
(558, 697, 7.4),
(558, 943, 6.7),
(558, 978, 7.9),
(559, 757, 5.8),
(559, 641, 7.5),
(559, 1003, 5.9),
(559, 682, 7.2),
(559, 362, 6.5),
(559, 123, 6.2),
(559, 724, 5.8),
(559, 1006, 6.4),
(560, 11, 5.7),
(560, 548, 7.6),
(561, 312, 7.5),
(561, 1023, 8.3),
(561, 738, 6.4),
(561, 700, 6.7),
(561, 81, 6.7),
(561, 591, 5.8),
(562, 80, 8.4),
(562, 736, 8.7),
(562, 737, 6.0),
(562, 493, 7.3),
(562, 928, 6.0),
(562, 348, 8.6),
(563, 827, 8.6),
(563, 1037, 6.4),
(564, 1006, 8.7),
(564, 254, 8.3),
(564, 1016, 7.2),
(564, 423, 7.9),
(564, 1122, 7.0),
(564, 575, 7.0),
(564, 133, 8.4),
(565, 1013, 4.9),
(565, 294, 7.6),
(566, 856, 7.7),
(566, 94, 8.4),
(566, 1042, 8.4),
(566, 531, 7.4),
(566, 387, 5.9),
(566, 733, 8.5),
(566, 361, 6.3),
(567, 163, 7.3),
(568, 776, 7.0),
(568, 1002, 5.6),
(568, 1132, 7.0),
(568, 1037, 7.1),
(568, 965, 4.9),
(569, 983, 7.7),
(569, 293, 7.7),
(569, 289, 6.6),
(569, 1150, 7.7),
(570, 518, 6.3),
(570, 532, 6.1),
(570, 783, 7.4),
(570, 929, 7.4),
(570, 454, 6.3),
(571, 229, 7.6),
(571, 296, 7.5),
(571, 734, 8.3),
(571, 898, 8.5),
(571, 593, 7.8),
(571, 211, 7.9),
(571, 545, 7.7),
(571, 822, 6.5),
(571, 609, 9.2),
(572, 710, 5.9),
(572, 796, 7.7),
(572, 332, 6.3),
(572, 846, 5.1),
(572, 415, 5.2),
(573, 1150, 5.7),
(573, 856, 8.3),
(573, 984, 7.6),
(573, 497, 7.5),
(573, 225, 6.0),
(573, 691, 5.7),
(574, 424, 6.5),
(575, 87, 8.1),
(575, 354, 8.6),
(575, 232, 8.0),
(575, 383, 6.6),
(576, 408, 7.4),
(577, 1014, 8.2),
(578, 145, 8.8),
(578, 818, 7.2),
(578, 996, 8.1),
(578, 33, 6.7),
(578, 559, 7.3),
(578, 142, 8.7),
(578, 167, 8.0),
(579, 173, 6.1),
(579, 271, 6.1),
(580, 1063, 7.0),
(580, 941, 6.1),
(580, 782, 5.9),
(580, 682, 5.0),
(580, 443, 6.9),
(580, 664, 6.9),
(580, 753, 4.9),
(580, 819, 6.8),
(581, 824, 5.0),
(581, 619, 5.0),
(581, 19, 6.0),
(581, 239, 5.8),
(581, 707, 5.6),
(581, 225, 7.7),
(582, 616, 5.6),
(582, 210, 5.6),
(582, 811, 5.8),
(582, 415, 6.2),
(582, 419, 4.8),
(583, 1034, 8.3),
(583, 902, 8.1),
(583, 884, 7.1),
(584, 138, 5.9),
(584, 92, 6.4),
(584, 774, 6.7),
(584, 145, 7.4),
(584, 475, 5.3),
(584, 1094, 7.9),
(584, 104, 7.0),
(585, 1044, 9.2),
(585, 805, 7.7),
(586, 950, 8.7),
(586, 1033, 6.6),
(586, 843, 8.8),
(587, 477, 7.8),
(587, 580, 8.4),
(587, 641, 6.8),
(587, 1139, 7.9),
(587, 90, 7.2),
(587, 364, 8.5),
(587, 1040, 7.0),
(588, 442, 6.1),
(588, 124, 8.5),
(588, 717, 7.3),
(588, 617, 8.9),
(588, 401, 8.7),
(588, 713, 8.5),
(588, 788, 6.7),
(588, 117, 7.0),
(589, 341, 7.0),
(589, 152, 9.3),
(589, 936, 9.4),
(589, 106, 7.8),
(589, 113, 8.8),
(589, 44, 9.0),
(589, 32, 7.0),
(590, 825, 6.5),
(590, 650, 6.9),
(590, 107, 6.5),
(591, 44, 6.0),
(591, 1125, 7.4),
(592, 868, 6.8),
(592, 72, 8.1),
(592, 175, 6.8),
(592, 876, 8.7),
(592, 105, 7.4),
(592, 841, 6.1),
(593, 391, 8.1),
(593, 321, 6.6),
(593, 644, 9.1),
(593, 310, 7.5),
(593, 204, 7.6),
(593, 1138, 8.6),
(593, 298, 8.5),
(593, 759, 7.6),
(594, 127, 7.8),
(595, 890, 7.4),
(595, 562, 7.0),
(595, 636, 6.6),
(595, 57, 6.2),
(595, 783, 8.7),
(595, 508, 6.3),
(595, 140, 8.1),
(596, 480, 6.9),
(597, 1002, 8.3),
(597, 87, 7.1),
(597, 783, 7.9),
(598, 805, 7.4),
(598, 298, 8.2),
(598, 882, 7.5),
(598, 195, 5.9),
(598, 467, 8.0),
(598, 826, 6.4),
(598, 394, 6.8),
(598, 837, 6.9),
(599, 957, 6.2),
(600, 800, 8.6),
(600, 404, 7.4),
(600, 1134, 8.7),
(601, 1043, 8.4),
(602, 541, 6.3),
(602, 381, 6.9),
(602, 1035, 7.6),
(602, 1037, 6.1),
(603, 458, 6.0),
(603, 1059, 5.4),
(603, 1036, 5.8),
(603, 974, 6.5),
(603, 403, 7.7),
(603, 181, 7.4),
(603, 2, 7.0),
(604, 832, 8.4),
(604, 477, 7.5),
(604, 628, 7.9),
(604, 737, 8.4),
(604, 250, 8.1),
(605, 147, 6.8),
(606, 1000, 6.2),
(606, 848, 5.6),
(606, 212, 6.2),
(606, 482, 7.3),
(606, 801, 5.9),
(606, 391, 5.6),
(606, 997, 7.3),
(606, 859, 7.5),
(607, 74, 5.8),
(607, 358, 6.4),
(608, 509, 7.5),
(608, 166, 7.9),
(608, 124, 7.8),
(608, 1149, 7.3),
(609, 597, 6.2),
(609, 781, 7.7),
(609, 445, 8.9),
(609, 818, 7.6),
(609, 630, 8.4),
(609, 683, 8.8),
(609, 459, 6.7),
(609, 117, 7.1),
(609, 780, 8.5),
(609, 1056, 9.1),
(610, 74, 7.3),
(610, 1149, 8.5),
(610, 965, 8.4),
(611, 956, 8.5),
(611, 841, 8.3),
(611, 682, 9.0),
(611, 407, 8.9),
(611, 111, 8.5),
(611, 89, 7.8),
(611, 471, 8.1),
(611, 21, 7.6),
(611, 353, 8.5),
(611, 803, 8.2),
(612, 460, 8.4),
(613, 522, 6.7),
(614, 42, 7.9),
(614, 467, 7.1),
(615, 531, 6.4),
(616, 736, 7.2),
(617, 1034, 6.7),
(618, 195, 5.7),
(618, 828, 6.0),
(618, 460, 7.6),
(618, 123, 7.3),
(618, 356, 5.6),
(618, 1013, 5.3),
(618, 925, 6.5),
(619, 616, 6.8),
(619, 647, 5.7),
(619, 383, 6.7),
(619, 1032, 4.8),
(619, 117, 5.9),
(619, 1037, 5.9),
(619, 101, 5.9),
(619, 1116, 4.0),
(619, 621, 4.5),
(620, 578, 6.3),
(620, 1107, 7.2),
(620, 341, 4.9),
(620, 497, 4.8),
(620, 764, 7.3),
(620, 758, 4.9),
(620, 347, 5.0),
(620, 1110, 5.3),
(621, 109, 7.0),
(621, 922, 6.7),
(621, 195, 6.8),
(621, 208, 8.0),
(622, 70, 7.7),
(622, 150, 6.4),
(622, 1006, 7.2),
(622, 257, 6.7),
(622, 820, 6.6),
(622, 512, 8.0),
(622, 1086, 8.1),
(623, 250, 5.8),
(623, 410, 6.3),
(624, 251, 6.4),
(625, 843, 7.2),
(625, 337, 8.5),
(625, 594, 8.5),
(626, 856, 5.9),
(627, 188, 8.4),
(627, 553, 6.5),
(627, 679, 6.2),
(628, 514, 8.4),
(628, 454, 7.8),
(628, 76, 9.0),
(628, 30, 7.5),
(628, 115, 7.9),
(628, 1042, 8.4),
(628, 619, 8.4),
(628, 999, 7.6),
(629, 1084, 8.4),
(629, 499, 6.2),
(629, 860, 6.5),
(629, 550, 8.1),
(629, 390, 6.8),
(630, 476, 4.4),
(630, 381, 3.8),
(630, 479, 3.9),
(630, 274, 5.1),
(630, 222, 4.2),
(630, 853, 5.1),
(630, 1048, 5.4),
(631, 774, 9.5),
(632, 491, 3.6),
(632, 788, 5.6),
(632, 562, 4.7),
(632, 842, 4.8),
(632, 301, 4.2),
(632, 328, 4.8),
(632, 174, 5.2),
(633, 941, 8.1),
(633, 830, 8.0),
(633, 399, 6.7),
(633, 720, 7.3),
(633, 440, 9.2),
(633, 361, 9.3),
(633, 314, 7.9),
(633, 687, 8.7),
(634, 633, 9.2),
(634, 77, 9.4),
(634, 167, 9.4),
(634, 786, 7.6),
(634, 191, 9.1),
(634, 21, 9.6),
(635, 284, 7.5),
(635, 187, 8.3),
(635, 364, 8.6),
(635, 1138, 7.9),
(635, 408, 6.4),
(635, 1, 6.4),
(635, 922, 8.2),
(635, 870, 8.9),
(636, 638, 5.9),
(636, 642, 5.2),
(636, 161, 5.7),
(637, 645, 5.5),
(637, 269, 7.0),
(637, 1137, 8.0),
(638, 356, 6.1),
(638, 634, 5.4),
(638, 231, 5.9),
(638, 870, 7.2),
(638, 390, 7.6),
(638, 81, 5.5),
(639, 291, 9.1),
(639, 491, 6.4),
(639, 1, 8.9),
(639, 353, 9.1),
(639, 850, 9.2),
(639, 1123, 9.3),
(639, 201, 7.7),
(639, 655, 7.3),
(639, 502, 8.5),
(639, 1096, 6.6),
(640, 165, 6.9),
(640, 1063, 7.5),
(640, 287, 6.4),
(640, 139, 7.5),
(640, 899, 8.5),
(641, 949, 6.8),
(641, 432, 8.2),
(641, 431, 6.1),
(641, 561, 6.1),
(641, 678, 7.0),
(641, 532, 7.2),
(641, 515, 5.7),
(642, 213, 8.1),
(642, 828, 6.4),
(642, 553, 8.6),
(642, 955, 7.7),
(642, 578, 7.8),
(642, 1097, 6.8),
(642, 901, 6.9),
(643, 786, 5.7),
(643, 201, 6.4),
(643, 102, 6.5),
(643, 773, 5.7),
(643, 527, 6.3),
(643, 467, 5.8),
(644, 270, 7.4),
(645, 150, 6.3),
(645, 863, 5.9),
(645, 1014, 8.2),
(645, 75, 5.9),
(645, 547, 6.7),
(645, 121, 7.2),
(646, 1048, 6.4),
(646, 727, 5.0),
(646, 2, 7.7),
(646, 426, 6.0),
(646, 274, 5.9),
(646, 780, 6.3),
(646, 308, 7.8),
(647, 128, 7.4),
(647, 546, 5.0),
(647, 390, 5.0),
(647, 414, 4.9),
(647, 1008, 6.7),
(647, 957, 5.4),
(647, 837, 7.5),
(648, 92, 4.6),
(648, 470, 6.5),
(648, 306, 5.8),
(648, 1117, 5.2),
(648, 743, 5.3),
(648, 918, 5.3),
(648, 910, 5.5),
(648, 286, 5.7),
(648, 877, 6.3),
(649, 43, 8.0),
(649, 1134, 5.3),
(649, 507, 7.6),
(649, 404, 7.6),
(649, 1110, 5.3),
(649, 1105, 5.4),
(649, 752, 6.8),
(649, 6, 7.6),
(650, 161, 7.2),
(650, 458, 6.0),
(650, 84, 5.8),
(650, 436, 5.4),
(650, 871, 7.0),
(650, 286, 7.1),
(650, 922, 4.9),
(651, 382, 7.4),
(651, 556, 6.1),
(651, 850, 6.8),
(651, 172, 8.2),
(651, 862, 6.8),
(651, 538, 6.6),
(651, 693, 7.5),
(651, 1148, 6.1),
(652, 1097, 7.6),
(652, 614, 7.8),
(652, 674, 5.4),
(652, 1100, 5.3),
(652, 480, 7.1),
(652, 756, 7.5),
(653, 429, 5.3),
(654, 814, 7.1),
(654, 887, 7.7),
(654, 335, 7.1),
(654, 210, 7.2),
(654, 984, 5.9),
(654, 250, 5.5),
(655, 309, 4.2),
(655, 1098, 4.1),
(656, 726, 6.0),
(656, 664, 5.7),
(656, 443, 5.6),
(656, 1113, 4.7),
(656, 555, 4.5),
(656, 275, 4.8),
(656, 233, 5.0),
(656, 998, 6.2),
(657, 928, 5.0),
(657, 173, 4.4),
(657, 665, 5.6),
(657, 607, 5.2),
(658, 814, 5.9),
(658, 834, 6.2),
(658, 904, 7.5),
(658, 633, 5.4),
(659, 287, 6.8),
(659, 655, 6.4),
(659, 26, 8.4),
(659, 1108, 5.6),
(659, 459, 6.6),
(660, 162, 9.1),
(660, 1042, 7.9),
(661, 993, 6.3),
(661, 1032, 8.3),
(661, 221, 8.3),
(661, 976, 6.0),
(661, 389, 8.3),
(662, 1137, 7.4),
(662, 819, 6.1),
(662, 727, 6.0),
(662, 673, 7.6),
(662, 444, 8.1),
(662, 616, 5.8),
(663, 43, 5.9),
(664, 925, 7.7),
(665, 408, 4.4),
(665, 928, 3.5),
(665, 1037, 5.0),
(666, 851, 7.5),
(666, 84, 9.0),
(666, 1001, 8.5),
(666, 444, 7.5),
(666, 380, 6.9),
(667, 414, 7.9),
(667, 948, 6.3),
(667, 672, 7.1),
(667, 286, 7.9),
(667, 156, 6.5),
(667, 787, 7.9),
(667, 742, 5.8),
(667, 767, 5.7),
(667, 717, 7.3),
(668, 848, 3.5),
(668, 586, 5.2),
(668, 142, 5.2),
(668, 443, 3.6),
(668, 178, 5.7),
(668, 968, 3.5),
(669, 146, 8.2),
(669, 156, 8.2),
(669, 479, 7.1),
(669, 953, 6.9),
(669, 976, 7.4),
(669, 208, 7.3),
(669, 549, 7.3),
(669, 708, 8.2),
(669, 697, 7.2),
(669, 884, 7.2),
(670, 1087, 7.7),
(670, 938, 7.2),
(670, 814, 8.6),
(670, 333, 7.9),
(670, 414, 8.7),
(670, 1033, 8.3),
(670, 1115, 7.1),
(670, 837, 6.2),
(671, 790, 8.9),
(671, 188, 7.9),
(671, 1073, 8.8),
(671, 544, 9.2),
(671, 563, 7.1),
(671, 1095, 9.0),
(672, 211, 5.6),
(673, 795, 5.8),
(674, 187, 4.8),
(674, 933, 4.5),
(674, 866, 5.9),
(674, 278, 4.7),
(674, 781, 4.8),
(674, 257, 6.9),
(674, 758, 4.7),
(674, 458, 6.4),
(675, 638, 7.2),
(675, 289, 5.8),
(675, 343, 7.5),
(676, 733, 8.3),
(676, 908, 6.0),
(676, 719, 6.3),
(676, 476, 8.1),
(676, 747, 6.8),
(676, 200, 6.7),
(676, 1148, 8.6),
(677, 169, 7.0),
(677, 793, 6.0),
(677, 218, 7.8),
(677, 107, 6.3),
(677, 981, 7.2),
(677, 872, 6.3),
(677, 955, 6.5),
(677, 740, 7.7),
(677, 70, 8.2),
(677, 359, 6.0),
(678, 353, 7.7),
(678, 232, 8.1),
(678, 27, 8.0),
(678, 282, 8.0),
(678, 779, 5.9),
(679, 616, 7.8),
(679, 586, 7.0),
(679, 533, 5.9),
(680, 12, 8.3),
(680, 580, 8.4),
(680, 712, 7.4),
(680, 853, 8.0),
(680, 246, 6.1),
(680, 750, 8.5),
(680, 604, 6.8),
(680, 298, 5.9),
(681, 1149, 9.0),
(681, 11, 6.9),
(681, 707, 8.3),
(681, 1113, 7.0),
(681, 558, 7.0),
(681, 1131, 7.1),
(681, 775, 7.7),
(682, 756, 6.7),
(683, 121, 7.1),
(683, 77, 6.4),
(683, 499, 6.2),
(683, 616, 7.4),
(683, 1138, 7.1),
(683, 74, 7.2),
(683, 590, 6.6),
(684, 291, 7.5),
(684, 1113, 7.2),
(684, 312, 7.1),
(684, 429, 7.9),
(684, 918, 6.8),
(684, 916, 8.2),
(684, 502, 7.3),
(684, 783, 7.1),
(684, 929, 7.3),
(684, 235, 7.0),
(685, 127, 3.6),
(685, 884, 2.9),
(685, 312, 4.2),
(685, 916, 3.3),
(685, 1107, 3.1),
(685, 728, 4.7),
(685, 296, 4.8),
(685, 235, 5.1),
(686, 179, 7.3),
(686, 91, 7.7),
(686, 1087, 9.2),
(686, 713, 7.1),
(686, 634, 6.7),
(686, 438, 7.5),
(686, 347, 8.5),
(686, 44, 8.7),
(686, 920, 7.5),
(687, 251, 6.8),
(688, 318, 9.5),
(688, 1109, 7.5),
(688, 1092, 6.9),
(688, 614, 8.1),
(688, 841, 9.1),
(688, 423, 8.8),
(688, 316, 7.5),
(688, 11, 8.3),
(688, 220, 9.2),
(688, 1125, 9.0),
(689, 16, 6.7),
(690, 1139, 7.2),
(691, 16, 7.3),
(692, 650, 9.0),
(692, 1056, 6.6),
(692, 168, 7.0),
(693, 664, 6.9),
(693, 105, 5.7),
(693, 36, 7.1),
(694, 1134, 5.2),
(694, 231, 7.5),
(695, 1027, 7.6),
(695, 429, 6.4),
(695, 594, 7.4),
(695, 617, 8.1),
(695, 454, 6.6),
(695, 84, 7.2),
(695, 515, 6.8),
(696, 166, 6.3),
(696, 832, 6.7),
(696, 805, 6.1),
(697, 941, 8.1),
(697, 596, 7.4),
(697, 782, 8.0),
(697, 908, 5.5),
(697, 793, 6.3),
(697, 621, 8.3),
(697, 220, 5.5),
(698, 499, 4.9),
(698, 211, 7.1),
(698, 1132, 7.8),
(698, 733, 4.8),
(698, 562, 5.2),
(698, 873, 6.8),
(698, 309, 7.7),
(698, 617, 6.6),
(698, 756, 6.3),
(699, 76, 6.9),
(699, 343, 6.4),
(699, 598, 7.5),
(699, 401, 9.0),
(699, 232, 7.7),
(700, 642, 7.7),
(700, 427, 7.4),
(700, 175, 6.1),
(700, 267, 6.9),
(701, 336, 8.8),
(701, 99, 8.3),
(701, 842, 7.2),
(702, 858, 6.3),
(702, 841, 8.3),
(703, 484, 6.0),
(704, 969, 6.4),
(704, 1116, 7.2),
(705, 773, 5.2),
(705, 1030, 5.5),
(705, 532, 6.3),
(705, 1108, 6.1),
(705, 1121, 4.5),
(705, 429, 7.1),
(706, 565, 5.7),
(706, 558, 5.1),
(706, 859, 4.6),
(706, 81, 5.6),
(706, 882, 4.9),
(706, 311, 6.8),
(706, 897, 6.3),
(706, 480, 7.1),
(706, 849, 6.5),
(706, 508, 6.8),
(707, 434, 8.6),
(707, 454, 8.0),
(707, 724, 8.2),
(707, 346, 6.9),
(707, 271, 6.3),
(707, 4, 8.9),
(707, 397, 6.7),
(707, 189, 8.9),
(708, 1130, 7.6),
(708, 653, 7.7),
(709, 331, 8.4),
(710, 475, 7.9),
(710, 217, 5.8),
(710, 790, 8.0),
(710, 866, 8.2),
(710, 63, 6.6),
(710, 322, 6.2),
(710, 359, 5.7),
(710, 785, 6.7),
(710, 1090, 6.3),
(710, 423, 7.3),
(711, 1068, 7.8),
(711, 643, 7.9),
(711, 1150, 6.9),
(711, 165, 6.5),
(712, 1091, 5.9),
(712, 642, 8.5),
(712, 484, 6.2),
(712, 174, 7.5),
(712, 674, 6.2),
(712, 53, 6.9),
(712, 1054, 7.3),
(712, 257, 7.7),
(712, 767, 6.6),
(713, 151, 2.9),
(713, 602, 4.2),
(713, 74, 3.4),
(714, 1021, 7.5),
(714, 918, 5.4),
(714, 277, 7.8),
(714, 1032, 5.9),
(714, 781, 7.0),
(714, 1015, 7.6),
(714, 397, 8.0),
(714, 1070, 8.0),
(715, 385, 8.0),
(716, 337, 6.1),
(716, 468, 7.2),
(716, 264, 5.8),
(716, 718, 6.8),
(716, 37, 7.2),
(716, 892, 7.1),
(716, 859, 5.0),
(716, 1008, 7.1),
(716, 571, 5.3),
(717, 230, 9.1),
(717, 445, 8.9),
(717, 920, 8.7),
(718, 974, 8.0),
(718, 618, 8.0),
(718, 211, 6.5),
(718, 198, 6.5),
(718, 33, 7.1),
(718, 71, 6.4),
(719, 394, 7.3),
(720, 720, 7.1),
(720, 990, 7.1),
(720, 1135, 7.6),
(721, 1080, 6.6),
(721, 162, 5.8),
(721, 660, 4.8),
(721, 797, 5.8),
(722, 374, 6.9),
(722, 865, 8.3),
(722, 798, 8.1),
(723, 1013, 6.7),
(724, 731, 4.2),
(724, 1093, 4.1),
(724, 499, 6.7),
(724, 1035, 7.0),
(724, 774, 4.0),
(724, 1087, 5.1),
(724, 459, 5.0),
(725, 246, 6.0),
(725, 362, 6.8),
(726, 58, 7.0),
(726, 356, 6.7),
(726, 336, 7.3),
(726, 231, 8.3),
(726, 997, 8.4),
(726, 819, 7.9),
(726, 550, 6.2),
(727, 294, 8.6),
(727, 400, 7.4),
(727, 968, 8.5),
(727, 156, 6.9),
(727, 250, 8.0),
(727, 370, 5.7),
(728, 1113, 6.7),
(728, 359, 7.4),
(728, 315, 6.0),
(728, 943, 7.9),
(728, 747, 8.8),
(728, 292, 6.4),
(728, 251, 6.8),
(729, 442, 5.2),
(729, 942, 5.2),
(729, 1152, 5.3),
(729, 1030, 6.3),
(729, 610, 5.7),
(729, 1122, 7.6),
(729, 869, 6.7),
(729, 199, 4.7),
(729, 514, 6.1),
(729, 394, 6.6),
(730, 181, 6.9),
(730, 1020, 5.0),
(730, 674, 5.3),
(730, 231, 6.3),
(730, 1086, 5.7),
(730, 967, 7.5),
(731, 115, 7.3),
(731, 56, 8.2),
(731, 66, 9.3),
(731, 583, 7.7),
(731, 1025, 9.3),
(731, 744, 7.3),
(731, 707, 9.1),
(732, 364, 6.6),
(732, 1095, 6.9),
(732, 738, 6.0),
(732, 892, 7.0),
(732, 1140, 4.7),
(732, 552, 5.6),
(732, 392, 5.7),
(732, 630, 6.4),
(733, 139, 6.8),
(733, 712, 6.9),
(733, 787, 5.9),
(733, 701, 5.9),
(733, 383, 8.7),
(733, 1034, 6.4),
(733, 225, 7.5),
(733, 532, 5.8),
(733, 43, 7.2),
(733, 928, 6.7),
(734, 832, 7.5),
(734, 354, 6.7),
(735, 358, 6.9),
(735, 160, 7.1),
(736, 769, 6.1),
(736, 37, 7.1),
(736, 601, 5.7),
(737, 41, 7.1),
(737, 435, 6.4),
(737, 546, 7.1),
(737, 40, 6.8),
(737, 943, 5.3),
(737, 1139, 5.1),
(738, 382, 6.8),
(738, 775, 9.3),
(738, 815, 6.9),
(738, 1034, 9.1),
(738, 531, 6.5),
(738, 871, 6.9),
(738, 329, 7.5),
(738, 128, 8.9),
(738, 837, 8.5),
(738, 1069, 6.7),
(739, 614, 6.5),
(740, 754, 7.4),
(740, 718, 7.6),
(740, 1098, 7.4),
(740, 429, 8.7),
(741, 650, 7.3),
(742, 414, 8.4),
(743, 208, 4.0),
(743, 998, 6.2),
(743, 282, 3.8),
(743, 652, 5.5),
(743, 642, 3.3),
(743, 941, 5.8),
(743, 167, 3.8),
(744, 129, 3.8),
(744, 904, 3.2),
(744, 758, 4.6),
(744, 161, 3.2),
(744, 616, 3.4),
(744, 149, 3.0),
(744, 429, 3.0),
(745, 306, 6.3),
(745, 66, 6.9),
(746, 840, 6.4),
(746, 890, 8.1),
(746, 282, 6.1),
(747, 615, 6.6),
(747, 848, 5.9),
(747, 1116, 7.8),
(747, 383, 6.8),
(747, 477, 7.4),
(747, 918, 6.3),
(747, 927, 5.4),
(747, 117, 5.5),
(748, 768, 5.2),
(748, 262, 6.8),
(748, 799, 7.4),
(748, 701, 6.1),
(748, 4, 7.1),
(748, 699, 6.3),
(748, 503, 5.6),
(748, 87, 5.3),
(749, 884, 8.6),
(749, 42, 8.0),
(749, 319, 5.9),
(749, 499, 6.0),
(749, 809, 6.2),
(749, 807, 7.7),
(749, 963, 5.9),
(750, 918, 7.7),
(751, 760, 7.1),
(751, 115, 7.1),
(752, 910, 8.6),
(752, 752, 6.3),
(752, 998, 7.7),
(752, 1135, 9.0),
(752, 1130, 8.4),
(752, 798, 7.7),
(753, 289, 7.7),
(753, 978, 6.2),
(753, 1020, 5.8),
(753, 1128, 7.7),
(753, 240, 6.5),
(753, 772, 5.6),
(753, 1119, 5.8),
(753, 844, 8.4),
(754, 764, 5.8),
(754, 246, 8.4),
(754, 420, 8.0),
(754, 397, 6.7),
(754, 107, 6.2),
(754, 890, 5.9),
(754, 1139, 7.3),
(754, 33, 7.2),
(755, 672, 5.1),
(755, 467, 5.2),
(755, 1043, 5.8),
(755, 413, 7.4),
(756, 174, 5.7),
(756, 39, 5.6),
(756, 267, 6.6),
(756, 1002, 6.2),
(756, 132, 6.7),
(756, 439, 7.3),
(756, 397, 7.0),
(757, 841, 8.4),
(757, 370, 6.6),
(757, 801, 6.7),
(757, 139, 8.4),
(757, 744, 8.4),
(757, 389, 6.5),
(757, 336, 8.0),
(757, 106, 6.2),
(758, 340, 6.6),
(758, 943, 5.9),
(758, 780, 6.8),
(758, 508, 7.5),
(758, 1053, 7.7),
(758, 827, 5.4),
(758, 503, 7.6),
(758, 37, 7.4),
(759, 610, 8.4),
(759, 1105, 9.9),
(759, 1148, 7.7),
(759, 1041, 9.2),
(759, 321, 9.9),
(759, 953, 7.5),
(759, 797, 8.9),
(759, 37, 8.6),
(759, 33, 8.1),
(760, 200, 8.1),
(760, 878, 8.4),
(760, 430, 7.3),
(760, 1085, 8.2),
(760, 292, 7.8),
(760, 512, 8.2),
(760, 871, 9.8),
(760, 900, 8.8),
(760, 774, 8.4),
(760, 841, 9.3),
(761, 255, 8.4),
(761, 152, 8.1),
(761, 109, 9.7),
(762, 1011, 6.6),
(762, 752, 6.2),
(762, 281, 7.1),
(762, 439, 6.1),
(762, 482, 5.8),
(763, 217, 6.8),
(763, 18, 5.7),
(764, 622, 8.2),
(764, 408, 7.7),
(764, 462, 7.1),
(764, 163, 9.2),
(764, 141, 7.8),
(764, 95, 7.6),
(764, 444, 6.5),
(764, 660, 7.6),
(765, 20, 8.2),
(766, 140, 6.2),
(767, 229, 6.8),
(767, 83, 6.8),
(767, 642, 7.1),
(767, 338, 8.4),
(768, 312, 7.4),
(768, 201, 5.9),
(769, 869, 6.7),
(769, 1098, 6.7),
(769, 628, 6.2),
(769, 182, 5.9),
(769, 467, 7.0),
(769, 230, 6.2),
(769, 825, 5.3),
(769, 156, 6.1),
(770, 969, 8.2),
(770, 277, 7.1),
(770, 687, 6.8),
(770, 322, 5.8),
(770, 15, 6.6),
(771, 936, 7.2),
(772, 133, 6.5),
(772, 102, 6.3),
(772, 430, 6.2),
(772, 645, 5.0),
(772, 523, 6.6),
(773, 432, 6.7),
(773, 339, 8.1),
(773, 502, 8.1),
(773, 678, 8.6),
(774, 610, 8.9),
(774, 464, 8.0),
(774, 122, 9.1),
(774, 392, 9.2),
(775, 694, 5.1),
(775, 812, 4.7),
(775, 487, 5.3),
(775, 845, 6.7),
(775, 910, 6.3),
(775, 713, 6.6),
(776, 496, 7.6),
(776, 540, 8.6),
(776, 555, 7.7),
(776, 451, 8.6),
(776, 924, 8.3),
(776, 805, 7.6),
(777, 442, 5.9),
(777, 229, 7.3),
(777, 431, 6.7),
(778, 179, 8.9),
(778, 309, 8.7),
(778, 366, 9.2),
(778, 278, 8.4),
(778, 767, 8.9),
(779, 807, 6.3),
(780, 438, 5.4),
(780, 468, 7.4),
(780, 869, 7.8),
(780, 122, 5.7),
(780, 208, 5.3),
(781, 443, 6.9),
(781, 424, 6.2),
(781, 538, 5.7),
(782, 162, 6.1),
(782, 842, 7.1),
(782, 728, 5.7),
(782, 553, 6.3),
(782, 359, 7.4),
(782, 865, 6.9),
(782, 1087, 5.2),
(782, 263, 7.3),
(783, 984, 7.7),
(783, 903, 8.3),
(783, 1067, 8.0),
(784, 476, 6.7),
(784, 718, 9.0),
(784, 727, 7.6),
(785, 866, 7.5),
(785, 131, 6.9),
(785, 702, 7.0),
(785, 237, 6.8),
(785, 561, 6.8),
(785, 785, 8.0),
(785, 127, 5.9),
(785, 419, 5.7),
(786, 431, 6.7),
(786, 499, 5.0),
(786, 1068, 6.7),
(786, 573, 5.9),
(786, 401, 5.1),
(786, 340, 6.1),
(786, 150, 6.1),
(786, 4, 4.8),
(787, 211, 7.8),
(788, 866, 6.2),
(788, 978, 8.2),
(788, 738, 7.6),
(789, 1148, 8.8),
(790, 65, 8.6),
(790, 803, 7.6),
(790, 764, 6.6),
(790, 392, 8.8),
(790, 932, 9.4),
(790, 967, 8.0),
(790, 718, 8.5),
(790, 976, 7.3),
(791, 19, 4.5),
(791, 359, 6.5),
(791, 39, 6.2),
(791, 667, 5.5),
(791, 1097, 5.9),
(791, 1011, 6.5),
(791, 1059, 4.5),
(791, 479, 6.5),
(792, 390, 6.7),
(792, 95, 6.2),
(792, 525, 6.9),
(793, 267, 9.0),
(793, 312, 7.5),
(793, 411, 9.4),
(794, 256, 8.6),
(794, 660, 7.7),
(794, 596, 8.5),
(794, 487, 7.2),
(794, 141, 7.9),
(794, 538, 7.7),
(795, 721, 7.6),
(795, 336, 5.8),
(795, 814, 6.9),
(795, 943, 7.4),
(795, 1147, 7.0),
(795, 338, 6.3),
(795, 1081, 6.9),
(796, 162, 6.7),
(796, 846, 8.3),
(797, 153, 6.6),
(797, 561, 7.3),
(798, 887, 7.4),
(799, 101, 6.7),
(800, 379, 8.9),
(801, 135, 7.9),
(801, 324, 5.7),
(801, 362, 7.7),
(801, 747, 7.4),
(801, 427, 6.1),
(801, 509, 7.6),
(802, 502, 8.4),
(802, 233, 7.9),
(802, 200, 6.8),
(803, 281, 5.9),
(803, 64, 7.0),
(803, 1091, 8.3),
(803, 254, 8.4),
(803, 962, 6.9),
(804, 706, 6.3),
(804, 622, 6.7),
(804, 953, 5.4),
(804, 843, 7.6),
(804, 296, 6.6),
(805, 310, 8.0),
(805, 807, 5.5),
(805, 42, 6.4),
(805, 512, 7.6),
(806, 420, 6.8),
(806, 287, 7.5),
(806, 968, 6.3),
(806, 311, 8.3),
(806, 555, 5.8),
(806, 792, 5.7),
(806, 356, 8.0),
(806, 708, 7.1),
(806, 773, 6.4),
(807, 801, 7.9),
(807, 480, 6.2),
(807, 607, 6.7),
(807, 800, 8.4),
(807, 863, 6.6),
(807, 680, 7.1),
(807, 391, 8.3),
(807, 42, 7.8),
(808, 444, 7.4),
(808, 708, 8.5),
(808, 673, 6.5),
(808, 306, 8.6),
(809, 525, 6.2),
(809, 1054, 8.0),
(809, 283, 7.0),
(809, 306, 6.3),
(809, 842, 8.0),
(809, 19, 8.6),
(809, 904, 6.8),
(810, 655, 7.6),
(810, 1001, 8.0),
(810, 927, 7.3),
(810, 76, 7.1),
(810, 329, 9.0),
(811, 859, 9.3),
(811, 336, 9.3),
(811, 793, 7.8),
(811, 249, 6.7),
(812, 699, 7.5),
(812, 443, 8.3),
(812, 361, 8.8),
(813, 820, 8.3),
(813, 778, 8.1),
(813, 900, 7.0),
(813, 710, 8.5),
(813, 471, 6.4),
(814, 267, 5.5),
(815, 452, 6.8),
(815, 731, 6.5),
(815, 1027, 7.4),
(815, 886, 7.6),
(815, 953, 8.9),
(816, 254, 6.9),
(816, 555, 6.7),
(816, 50, 6.7),
(816, 978, 5.0),
(816, 379, 6.2),
(816, 775, 7.7),
(816, 808, 5.6),
(816, 361, 6.5),
(817, 679, 6.4),
(817, 140, 6.5),
(817, 282, 8.5),
(817, 614, 6.7),
(818, 759, 7.0),
(818, 1140, 7.7),
(818, 56, 6.3),
(818, 570, 8.6),
(818, 539, 7.0),
(818, 1073, 6.5),
(818, 323, 8.8),
(818, 1052, 9.1),
(818, 699, 8.8),
(819, 989, 8.6),
(819, 540, 8.1),
(819, 39, 7.0),
(820, 629, 7.5),
(820, 586, 9.0),
(820, 1097, 7.2),
(820, 4, 6.5),
(820, 932, 8.3),
(820, 960, 9.2),
(820, 343, 7.6),
(821, 149, 7.7),
(821, 724, 6.3),
(822, 389, 6.5),
(823, 401, 8.7),
(823, 621, 8.2),
(823, 550, 9.0),
(823, 237, 6.8),
(823, 262, 7.3),
(824, 208, 7.1),
(824, 1137, 9.6),
(825, 1149, 8.4),
(825, 1107, 7.6),
(825, 430, 8.1),
(825, 210, 6.1),
(825, 324, 7.8),
(826, 251, 6.5),
(826, 622, 5.3),
(826, 998, 4.9),
(826, 782, 6.0),
(826, 411, 4.1),
(826, 286, 5.5),
(826, 386, 5.8),
(826, 76, 6.4),
(826, 467, 5.5),
(826, 42, 6.8),
(827, 484, 7.9),
(827, 289, 6.0),
(827, 945, 7.1),
(827, 385, 7.8),
(827, 135, 6.9),
(827, 682, 7.9),
(827, 900, 8.1),
(828, 323, 5.5),
(828, 578, 7.3),
(828, 1143, 5.9),
(828, 158, 7.2),
(828, 420, 6.4),
(828, 1100, 5.7),
(828, 199, 6.1),
(828, 14, 5.4),
(829, 1032, 7.4),
(830, 1085, 3.7),
(830, 192, 5.1),
(830, 237, 5.0),
(831, 394, 6.2),
(832, 667, 5.4),
(832, 467, 7.1),
(832, 256, 6.3),
(832, 700, 5.9),
(833, 391, 4.3),
(833, 101, 4.4),
(833, 524, 5.4),
(833, 237, 6.3),
(833, 820, 4.5),
(833, 503, 6.5),
(833, 665, 4.0),
(834, 976, 8.9),
(834, 262, 8.2),
(835, 262, 8.4),
(835, 945, 8.4),
(835, 211, 8.4),
(835, 1113, 9.6),
(835, 321, 9.4),
(835, 509, 9.6),
(835, 150, 8.6),
(835, 664, 8.7),
(836, 51, 7.5),
(836, 381, 5.7),
(836, 444, 6.7),
(837, 560, 6.6),
(837, 941, 7.6),
(838, 310, 7.0),
(838, 414, 7.9),
(838, 324, 8.0),
(838, 721, 8.2),
(838, 14, 7.1),
(838, 208, 8.1),
(838, 421, 8.8),
(839, 167, 8.0),
(839, 792, 7.9),
(839, 77, 6.3),
(839, 16, 7.3),
(839, 960, 6.9),
(839, 751, 6.6),
(839, 993, 5.6),
(839, 615, 8.0),
(840, 621, 7.7),
(840, 837, 6.4),
(840, 900, 6.2),
(840, 33, 8.2),
(840, 467, 6.7),
(840, 1020, 8.1),
(840, 18, 6.9),
(840, 296, 8.4),
(841, 608, 6.2),
(842, 13, 5.8),
(842, 509, 7.5),
(842, 139, 5.1),
(842, 1061, 6.4),
(842, 1076, 4.9),
(842, 56, 7.7),
(842, 592, 5.2),
(843, 147, 6.6),
(843, 1069, 6.3),
(843, 1022, 7.7),
(843, 984, 8.8),
(843, 906, 7.8),
(843, 161, 8.6),
(844, 853, 8.5),
(844, 1090, 8.2),
(844, 107, 8.1),
(844, 444, 7.1),
(844, 431, 8.6),
(844, 327, 9.0),
(844, 836, 9.0),
(845, 312, 5.9),
(846, 967, 7.3),
(846, 167, 7.2),
(846, 904, 7.8),
(847, 606, 7.8),
(848, 509, 7.1),
(848, 863, 7.9),
(849, 223, 6.1),
(850, 812, 4.4),
(850, 622, 4.7),
(850, 619, 6.2),
(850, 200, 4.0),
(850, 54, 5.3),
(850, 578, 4.1),
(850, 731, 4.7),
(850, 156, 5.4),
(851, 1140, 6.3),
(851, 1008, 5.6),
(851, 496, 6.0),
(852, 561, 9.8),
(852, 412, 8.5),
(853, 383, 7.8),
(853, 404, 7.8),
(853, 346, 8.4),
(853, 630, 7.4),
(853, 1116, 6.7),
(854, 639, 6.5),
(854, 606, 7.6),
(855, 369, 4.9),
(856, 201, 7.1),
(856, 274, 7.9),
(857, 372, 5.6),
(857, 212, 6.5),
(857, 650, 6.5),
(857, 397, 6.0),
(858, 655, 7.7),
(859, 927, 6.8),
(859, 874, 6.3),
(859, 408, 6.3),
(859, 319, 7.6),
(859, 523, 5.2),
(859, 122, 6.9),
(859, 484, 5.4),
(859, 198, 6.9),
(860, 653, 6.2),
(860, 65, 6.1),
(860, 750, 8.3),
(860, 249, 7.3),
(860, 718, 8.8),
(861, 750, 9.2),
(862, 218, 8.2),
(862, 50, 7.2),
(862, 484, 9.1),
(862, 764, 7.8),
(862, 403, 8.1),
(862, 738, 8.3),
(863, 1076, 6.8),
(863, 11, 7.3),
(863, 309, 8.1),
(863, 100, 8.2),
(863, 733, 8.5),
(863, 984, 8.4),
(864, 1130, 7.1),
(864, 539, 6.6),
(864, 1022, 8.7),
(864, 790, 7.2),
(864, 759, 7.7),
(864, 811, 7.6),
(864, 531, 8.5),
(865, 930, 8.7),
(865, 198, 9.3),
(865, 194, 6.8),
(865, 672, 7.7),
(865, 733, 7.6),
(865, 359, 7.7),
(866, 618, 7.4),
(866, 800, 5.5),
(866, 884, 5.7),
(866, 106, 7.1),
(866, 1140, 7.5),
(867, 179, 7.7),
(867, 783, 6.5),
(867, 123, 8.7),
(867, 548, 7.6),
(867, 458, 9.0),
(867, 947, 8.0),
(867, 667, 8.5),
(867, 493, 6.5),
(867, 842, 8.2),
(868, 892, 6.3),
(868, 1128, 7.8),
(869, 502, 7.3),
(869, 541, 7.5),
(869, 400, 6.1),
(869, 932, 6.6),
(869, 160, 6.5),
(869, 430, 7.3),
(869, 1087, 7.9),
(869, 488, 6.6),
(870, 218, 5.9),
(870, 43, 5.8),
(870, 787, 7.5),
(870, 1091, 7.6),
(870, 11, 7.2),
(870, 310, 7.3),
(870, 761, 7.6),
(870, 631, 6.9),
(870, 916, 5.3),
(871, 738, 5.6),
(871, 383, 4.9),
(871, 1090, 4.5),
(871, 570, 4.2),
(871, 792, 3.9),
(871, 740, 5.9),
(871, 552, 3.8),
(872, 1125, 7.5),
(872, 956, 6.9),
(872, 1130, 8.5),
(872, 1119, 6.2),
(872, 960, 8.7),
(872, 175, 8.3),
(873, 218, 5.5),
(873, 584, 5.0),
(873, 985, 4.9),
(874, 809, 8.0),
(874, 435, 9.7),
(874, 925, 9.3),
(874, 1043, 7.3),
(874, 903, 8.3),
(874, 792, 8.6),
(875, 508, 6.9),
(875, 249, 7.6),
(875, 985, 6.2),
(876, 372, 6.4),
(876, 761, 8.3),
(876, 263, 8.6),
(876, 324, 9.0),
(876, 922, 8.7),
(876, 672, 7.5),
(877, 421, 8.3),
(878, 144, 7.6),
(878, 561, 8.7),
(878, 778, 7.4),
(879, 811, 6.2),
(879, 1043, 8.0),
(879, 525, 6.4),
(879, 801, 7.3),
(879, 949, 8.7),
(879, 1016, 8.8),
(880, 1041, 5.9),
(880, 25, 5.4),
(880, 123, 8.1),
(880, 508, 6.1),
(880, 295, 6.5),
(880, 448, 6.6),
(880, 160, 7.1),
(880, 584, 5.6),
(880, 362, 5.8),
(880, 934, 7.4),
(881, 1091, 6.2),
(882, 285, 4.7),
(882, 283, 7.1),
(882, 672, 6.2),
(882, 452, 5.2),
(882, 1096, 5.1),
(882, 1070, 6.0),
(883, 630, 4.1),
(883, 655, 6.2),
(884, 80, 6.0),
(884, 976, 7.0),
(884, 574, 7.1),
(884, 1110, 6.6),
(885, 743, 7.0),
(886, 103, 9.2),
(887, 263, 8.8),
(888, 358, 8.6),
(888, 132, 9.5),
(888, 249, 9.2),
(888, 453, 9.3),
(888, 400, 8.7),
(889, 924, 7.6),
(889, 202, 8.8),
(890, 673, 5.9),
(890, 448, 4.3),
(891, 996, 8.2),
(892, 785, 7.6),
(892, 1020, 5.2),
(893, 831, 7.7),
(893, 178, 8.2),
(894, 895, 5.8),
(894, 616, 6.1),
(894, 96, 6.9),
(894, 720, 6.8),
(894, 1116, 7.0),
(894, 714, 7.7),
(894, 274, 5.9),
(894, 366, 6.8),
(894, 103, 8.2),
(895, 277, 7.0),
(895, 132, 6.9),
(895, 488, 7.2),
(896, 1113, 6.5),
(897, 436, 5.1),
(897, 4, 6.7),
(897, 1070, 5.6),
(897, 701, 6.4),
(898, 18, 7.8),
(898, 496, 7.3),
(898, 828, 7.7),
(898, 1018, 7.8),
(898, 706, 8.9),
(898, 335, 9.4),
(898, 876, 6.8),
(898, 65, 9.5),
(898, 1131, 7.2),
(899, 602, 6.9),
(899, 607, 9.0),
(899, 400, 8.1),
(900, 767, 6.0),
(900, 453, 7.1),
(900, 311, 6.3),
(901, 523, 5.3),
(901, 910, 4.7),
(901, 182, 4.2),
(901, 83, 4.2),
(901, 239, 4.1),
(902, 930, 8.1),
(902, 139, 7.4),
(902, 664, 8.1),
(903, 629, 7.2),
(903, 223, 5.8),
(904, 309, 5.9),
(904, 1128, 6.5),
(904, 1137, 5.0),
(904, 842, 4.9),
(904, 560, 4.9),
(904, 147, 7.0),
(904, 845, 6.3),
(905, 1041, 6.8),
(905, 364, 5.5),
(905, 411, 5.7),
(906, 459, 7.0),
(906, 858, 9.2),
(906, 621, 6.9),
(906, 667, 9.3),
(906, 493, 7.8),
(906, 728, 7.4),
(907, 996, 7.0),
(907, 844, 6.9),
(907, 360, 8.7),
(907, 772, 6.7),
(907, 6, 8.5),
(907, 281, 7.9),
(907, 17, 8.9),
(907, 1116, 8.4),
(908, 188, 7.1),
(908, 1085, 8.5),
(909, 391, 6.9),
(909, 673, 7.1),
(909, 401, 6.7),
(909, 940, 6.6),
(909, 169, 8.0),
(909, 366, 5.9),
(909, 5, 6.2),
(909, 806, 6.5),
(910, 223, 6.6),
(910, 282, 7.7),
(910, 1117, 6.4),
(910, 123, 7.4),
(910, 263, 6.9),
(910, 231, 6.8),
(910, 927, 6.9),
(910, 392, 7.7),
(910, 194, 6.4),
(910, 2, 8.6),
(911, 724, 8.1),
(911, 694, 7.6),
(911, 1149, 8.8),
(911, 354, 7.0),
(911, 600, 8.5),
(911, 366, 7.8),
(912, 245, 7.0),
(912, 761, 6.3),
(912, 76, 6.1),
(913, 618, 8.3),
(913, 941, 6.2),
(913, 733, 7.5),
(913, 223, 5.9),
(913, 751, 8.6),
(913, 812, 7.1),
(913, 103, 7.4),
(913, 55, 7.1),
(913, 360, 7.2),
(914, 733, 6.8),
(914, 114, 9.4),
(915, 539, 8.5),
(915, 601, 6.6),
(916, 865, 7.5),
(916, 1084, 7.3),
(916, 318, 7.9),
(916, 55, 8.5),
(916, 799, 6.2),
(916, 787, 7.2),
(916, 144, 6.9),
(916, 453, 7.0),
(916, 235, 6.3),
(917, 1140, 7.7),
(917, 701, 8.6),
(917, 54, 6.4),
(917, 43, 6.9),
(917, 40, 6.8),
(917, 480, 6.4),
(917, 562, 7.2),
(917, 237, 7.5),
(917, 234, 8.9),
(918, 200, 8.6),
(918, 639, 8.0),
(918, 924, 7.5),
(918, 907, 9.3),
(918, 674, 7.8),
(918, 1085, 7.0),
(918, 15, 9.3),
(919, 714, 8.2),
(919, 237, 8.6),
(919, 431, 8.2),
(919, 1073, 7.7),
(919, 1097, 8.9),
(919, 195, 7.5),
(919, 413, 9.4),
(919, 1128, 8.7),
(920, 972, 6.3),
(920, 218, 5.4),
(920, 114, 7.4),
(920, 629, 6.8),
(920, 151, 6.9),
(921, 412, 7.0),
(921, 800, 9.0),
(921, 885, 7.8),
(921, 753, 8.8),
(921, 1063, 8.4),
(921, 496, 9.1),
(921, 767, 9.1),
(921, 1096, 8.6),
(922, 619, 7.1),
(922, 135, 5.8),
(922, 539, 8.0),
(922, 91, 7.5),
(922, 601, 6.5),
(922, 240, 6.5),
(922, 907, 8.3),
(922, 1067, 8.5),
(923, 697, 7.6),
(923, 608, 6.9),
(923, 58, 9.1),
(924, 397, 5.4),
(924, 570, 4.5),
(924, 607, 4.9),
(924, 993, 6.4),
(924, 831, 5.6),
(924, 506, 5.5),
(924, 14, 5.1),
(924, 83, 5.3),
(924, 1046, 4.5),
(924, 1059, 5.5),
(925, 514, 6.9),
(925, 462, 6.0),
(925, 758, 8.0),
(925, 80, 8.0),
(925, 713, 7.0),
(925, 544, 7.2),
(925, 312, 5.6),
(925, 831, 7.9),
(925, 235, 6.1),
(926, 1, 8.1),
(926, 203, 8.5),
(926, 91, 8.8),
(927, 773, 5.8),
(927, 102, 6.5),
(927, 858, 6.9),
(927, 175, 6.8),
(927, 727, 4.9),
(927, 809, 5.3),
(927, 863, 5.3),
(927, 365, 5.2),
(927, 906, 6.6),
(927, 54, 6.6),
(928, 1073, 6.8),
(928, 1059, 5.7),
(928, 163, 4.1),
(928, 906, 6.9),
(928, 32, 4.2),
(929, 933, 5.3),
(929, 1086, 5.8),
(929, 708, 5.5),
(929, 836, 4.7),
(930, 314, 4.2),
(930, 895, 6.2),
(930, 578, 5.0),
(931, 628, 6.6),
(931, 231, 7.4),
(931, 185, 6.6),
(931, 432, 6.2),
(931, 600, 6.9),
(931, 932, 7.0),
(931, 1020, 7.5),
(931, 128, 8.8),
(932, 603, 5.7),
(933, 237, 5.7),
(933, 758, 7.8),
(933, 601, 7.3),
(933, 167, 7.1),
(934, 874, 6.2),
(934, 546, 7.6),
(934, 1011, 8.2),
(934, 448, 6.8),
(934, 314, 8.2),
(934, 329, 6.8),
(935, 1039, 7.3),
(935, 271, 5.7),
(935, 563, 6.1),
(935, 488, 6.1),
(935, 830, 8.4),
(935, 1003, 6.3),
(935, 403, 7.5),
(935, 210, 7.3),
(935, 851, 8.5),
(936, 430, 5.8),
(936, 35, 5.6),
(936, 724, 6.1),
(937, 1128, 5.8),
(937, 769, 4.7),
(937, 475, 6.6),
(937, 194, 5.3),
(938, 332, 7.0),
(939, 1096, 9.1),
(940, 956, 5.7),
(940, 203, 7.2),
(941, 862, 8.4),
(941, 323, 7.0),
(941, 1052, 7.8),
(941, 391, 7.2),
(941, 210, 8.4),
(941, 55, 9.0),
(941, 824, 8.8),
(942, 240, 8.1),
(942, 331, 6.7),
(942, 779, 6.5),
(942, 484, 6.7),
(942, 907, 7.1),
(942, 887, 8.3),
(942, 885, 8.0),
(942, 945, 7.8),
(942, 949, 8.6),
(942, 32, 8.5),
(943, 226, 7.4),
(943, 1115, 7.2),
(943, 503, 7.6),
(943, 1077, 7.4),
(943, 314, 5.6),
(943, 608, 5.4),
(943, 825, 5.5),
(943, 674, 6.6),
(943, 1140, 7.1),
(943, 619, 7.1),
(944, 608, 7.3),
(944, 956, 8.0),
(944, 773, 6.7),
(944, 282, 7.7),
(944, 245, 6.5),
(944, 800, 7.5),
(945, 503, 9.4),
(946, 863, 8.9),
(946, 2, 9.6),
(946, 764, 7.8),
(946, 20, 8.5),
(946, 812, 9.5),
(946, 815, 9.4),
(946, 408, 8.2),
(946, 882, 8.9),
(947, 65, 8.5),
(948, 779, 7.9),
(948, 458, 7.4),
(948, 940, 9.0),
(948, 1053, 7.2),
(948, 200, 6.5),
(949, 1094, 6.6),
(949, 871, 6.7),
(949, 283, 8.2),
(949, 874, 8.5),
(950, 619, 6.2),
(951, 1094, 7.9),
(951, 1023, 9.7),
(951, 843, 6.9),
(952, 845, 9.1),
(952, 540, 8.1),
(952, 480, 7.6),
(952, 972, 7.3),
(952, 722, 7.2),
(952, 1108, 9.2),
(952, 323, 6.7),
(952, 1063, 9.0),
(953, 332, 7.8),
(954, 194, 7.5),
(954, 256, 6.6),
(955, 541, 9.5),
(956, 121, 7.3),
(956, 712, 7.6),
(956, 604, 6.5),
(956, 185, 6.4),
(956, 212, 5.9),
(956, 430, 8.6),
(956, 468, 6.6),
(956, 961, 7.0),
(957, 760, 8.3),
(957, 602, 6.7),
(957, 413, 6.6),
(957, 64, 7.3),
(957, 129, 7.4),
(957, 846, 8.9),
(957, 798, 6.3),
(957, 414, 8.5),
(957, 1116, 6.8),
(957, 1018, 8.0),
(958, 226, 4.7),
(958, 1152, 6.3),
(958, 934, 6.4),
(958, 925, 5.7),
(958, 1122, 4.4),
(959, 25, 7.8),
(959, 319, 6.5),
(959, 431, 6.4),
(959, 1090, 8.0),
(959, 583, 8.0),
(960, 655, 6.6),
(960, 51, 7.6),
(960, 106, 6.8),
(960, 885, 7.2),
(960, 710, 7.6),
(960, 35, 5.0),
(960, 195, 7.2),
(960, 365, 6.2),
(961, 210, 7.2),
(961, 1131, 7.4),
(961, 1143, 6.5),
(961, 617, 6.5),
(962, 768, 7.5),
(962, 284, 8.3),
(962, 35, 7.7),
(962, 660, 8.7),
(962, 439, 7.5),
(963, 758, 6.8),
(963, 389, 8.1),
(963, 1135, 8.0),
(964, 1098, 7.4),
(964, 1067, 8.6),
(965, 223, 5.2),
(966, 240, 7.6),
(967, 574, 6.1),
(967, 785, 8.3),
(967, 354, 7.9),
(967, 712, 6.6),
(967, 903, 7.5),
(968, 593, 7.2),
(968, 120, 8.2),
(968, 372, 8.1),
(968, 574, 7.6),
(968, 142, 6.6),
(969, 329, 6.0),
(969, 25, 5.5),
(969, 1140, 6.1),
(969, 945, 6.0),
(969, 1149, 3.8),
(969, 858, 6.5),
(969, 647, 6.0),
(969, 571, 6.0),
(970, 1090, 8.3),
(971, 222, 5.2),
(971, 1093, 6.3),
(972, 255, 8.0),
(972, 563, 6.3),
(972, 514, 6.6),
(972, 601, 7.4),
(972, 679, 6.9),
(972, 71, 6.6),
(972, 56, 7.9),
(973, 1122, 5.9),
(973, 600, 5.0),
(974, 832, 5.9),
(975, 731, 5.2),
(975, 929, 6.4),
(975, 967, 6.0),
(975, 1081, 5.7),
(975, 158, 6.2),
(975, 142, 4.4),
(975, 815, 7.0),
(976, 650, 8.5),
(976, 199, 6.6),
(976, 1069, 7.5),
(976, 798, 5.9),
(976, 77, 7.2),
(976, 100, 8.6),
(977, 245, 7.4),
(978, 1086, 5.5),
(979, 618, 6.4),
(979, 1027, 8.2),
(979, 1061, 7.2),
(979, 1032, 7.8),
(979, 96, 8.5),
(979, 629, 8.0),
(980, 590, 4.2),
(980, 976, 4.1),
(981, 743, 7.7),
(981, 778, 6.4),
(981, 192, 8.1),
(981, 234, 7.3),
(981, 458, 6.5),
(981, 156, 5.8),
(982, 158, 6.0),
(982, 346, 6.3),
(982, 1021, 6.4),
(982, 922, 7.5),
(983, 471, 7.2),
(983, 486, 7.1),
(983, 44, 8.2),
(983, 1011, 8.1),
(983, 699, 7.7),
(983, 799, 7.8),
(983, 774, 6.9),
(983, 1116, 8.5),
(984, 947, 8.2),
(984, 58, 7.5),
(984, 524, 6.9),
(985, 541, 5.6),
(985, 831, 7.8),
(986, 1107, 5.2),
(986, 808, 5.6),
(986, 15, 6.7),
(986, 571, 5.5),
(986, 114, 4.1),
(986, 753, 5.5),
(986, 925, 5.8),
(987, 318, 6.5),
(987, 295, 6.7),
(987, 360, 7.3),
(987, 563, 7.8),
(987, 824, 7.5),
(988, 778, 6.7),
(988, 1061, 6.5),
(989, 163, 9.7),
(989, 544, 8.5),
(989, 192, 8.2),
(990, 603, 5.3),
(990, 496, 6.3),
(991, 809, 6.7),
(992, 798, 9.8),
(992, 358, 8.5),
(992, 194, 8.5),
(992, 593, 8.9),
(992, 20, 9.1),
(993, 772, 6.7),
(993, 563, 7.4),
(993, 514, 7.2),
(993, 1027, 6.3),
(993, 1061, 7.1),
(994, 443, 5.5),
(994, 55, 4.3),
(994, 962, 5.3),
(994, 202, 6.5),
(994, 160, 5.1),
(994, 862, 6.4),
(994, 548, 6.5),
(994, 806, 6.3),
(994, 665, 6.7),
(994, 178, 4.8),
(995, 641, 7.1),
(996, 997, 8.6),
(997, 674, 5.7),
(997, 514, 7.5),
(997, 844, 7.5),
(997, 506, 7.1),
(997, 20, 7.1),
(997, 798, 7.3),
(997, 503, 7.7),
(997, 743, 7.8),
(998, 665, 9.3),
(998, 885, 8.9),
(998, 131, 9.2),
(998, 1023, 7.8),
(998, 720, 7.1),
(998, 726, 8.2),
(998, 132, 8.3),
(999, 565, 7.4),
(999, 161, 7.2),
(999, 740, 7.5),
(999, 471, 7.3),
(999, 1143, 7.9),
(999, 785, 6.2),
(999, 240, 6.0),
(1000, 514, 7.4),
(1000, 904, 6.9),
(1000, 974, 6.1),
(1000, 525, 7.2),
(1000, 192, 6.2),
(1000, 1081, 7.7),
(1001, 51, 7.5),
(1001, 1152, 8.9),
(1001, 1137, 8.4),
(1001, 541, 6.4),
(1002, 319, 8.4),
(1002, 903, 7.6),
(1002, 234, 8.8),
(1002, 394, 7.4),
(1002, 792, 7.1),
(1002, 1077, 6.6),
(1003, 927, 9.0),
(1003, 706, 7.7),
(1003, 365, 8.3),
(1003, 720, 8.9),
(1003, 617, 7.8),
(1004, 1053, 8.6),
(1004, 548, 8.7),
(1004, 1149, 7.2),
(1004, 149, 9.4),
(1004, 774, 7.9),
(1005, 798, 7.6),
(1005, 858, 8.8),
(1006, 710, 8.5),
(1006, 129, 7.1),
(1007, 503, 7.5),
(1007, 674, 6.5),
(1007, 332, 6.4),
(1007, 1084, 7.5),
(1008, 889, 7.0),
(1008, 354, 6.8),
(1008, 256, 6.5),
(1008, 760, 7.8),
(1008, 179, 7.6),
(1008, 385, 6.5),
(1008, 799, 6.9),
(1008, 904, 7.0),
(1008, 309, 7.6),
(1009, 509, 6.8),
(1009, 6, 6.8),
(1009, 806, 8.5),
(1009, 993, 7.4),
(1009, 212, 8.0),
(1009, 503, 8.0),
(1009, 318, 8.0),
(1009, 1043, 9.4),
(1009, 593, 9.6),
(1009, 840, 7.0),
(1010, 311, 7.3),
(1010, 967, 5.8),
(1010, 20, 7.6),
(1010, 114, 6.3),
(1010, 91, 6.3),
(1010, 546, 7.2),
(1010, 40, 5.4),
(1011, 560, 7.2),
(1011, 647, 8.7),
(1011, 874, 7.3),
(1011, 652, 8.5),
(1011, 1119, 6.9),
(1011, 2, 7.4),
(1011, 323, 7.9),
(1012, 533, 7.0),
(1012, 249, 6.5),
(1012, 120, 6.9),
(1012, 354, 6.3),
(1012, 653, 5.5),
(1012, 1021, 4.8),
(1012, 889, 6.1),
(1012, 1067, 5.4),
(1012, 146, 5.4),
(1012, 552, 6.2),
(1013, 419, 5.2),
(1013, 652, 4.2),
(1013, 83, 4.3),
(1013, 844, 6.4),
(1013, 338, 3.6),
(1013, 123, 4.6),
(1013, 574, 4.1),
(1013, 809, 5.9),
(1013, 264, 4.0),
(1014, 806, 8.0),
(1014, 264, 6.8),
(1014, 394, 8.9),
(1014, 949, 6.6),
(1014, 772, 8.2),
(1014, 426, 7.1),
(1014, 146, 6.7),
(1015, 546, 8.8),
(1015, 329, 7.3),
(1015, 1067, 7.2),
(1015, 210, 7.8),
(1015, 274, 7.3),
(1015, 223, 9.4),
(1015, 830, 6.9),
(1016, 1016, 7.3),
(1016, 1143, 6.7),
(1016, 565, 8.2),
(1016, 323, 7.5),
(1016, 780, 8.7),
(1016, 270, 7.6),
(1016, 400, 8.3),
(1017, 1108, 6.5),
(1018, 1135, 8.6),
(1018, 570, 8.1),
(1018, 639, 7.0),
(1018, 531, 6.1),
(1018, 366, 7.1),
(1018, 385, 6.1),
(1019, 1131, 8.0),
(1020, 391, 6.7),
(1020, 1135, 8.1),
(1020, 1086, 7.9),
(1020, 1143, 7.9),
(1021, 531, 8.9),
(1022, 1059, 6.2),
(1023, 1090, 6.4),
(1023, 721, 6.0),
(1023, 218, 6.4),
(1023, 844, 7.7),
(1023, 706, 6.8),
(1024, 1023, 7.0),
(1024, 284, 7.5),
(1025, 974, 8.7),
(1026, 389, 8.6),
(1026, 933, 7.5),
(1027, 403, 8.4),
(1028, 903, 8.4),
(1028, 974, 7.0),
(1028, 855, 8.7),
(1028, 1003, 9.7),
(1028, 997, 7.7),
(1029, 144, 8.3),
(1030, 571, 7.3),
(1030, 322, 6.8),
(1030, 949, 7.7),
(1030, 806, 6.9),
(1030, 1128, 6.7),
(1030, 874, 8.7),
(1031, 768, 7.1),
(1031, 769, 6.9),
(1031, 525, 8.5),
(1032, 610, 7.6),
(1032, 721, 5.2),
(1032, 993, 7.6),
(1032, 386, 6.7),
(1032, 799, 5.9),
(1033, 309, 7.0),
(1033, 471, 6.7),
(1033, 714, 6.7),
(1034, 270, 5.9),
(1034, 562, 7.7),
(1034, 830, 6.8),
(1034, 608, 6.2),
(1034, 91, 8.0),
(1034, 476, 7.0),
(1034, 385, 7.1),
(1035, 740, 5.8),
(1035, 972, 5.4),
(1035, 182, 6.6),
(1036, 144, 7.2),
(1036, 710, 6.2),
(1036, 151, 7.1),
(1036, 560, 8.2),
(1036, 1003, 6.5),
(1036, 837, 6.0),
(1037, 225, 7.8),
(1038, 151, 5.9),
(1038, 652, 6.1),
(1039, 1023, 8.1),
(1039, 274, 9.3),
(1040, 783, 9.7),
(1040, 1119, 9.3),
(1040, 855, 7.5),
(1040, 840, 8.0),
(1040, 699, 9.4),
(1040, 329, 8.0),
(1040, 933, 7.4),
(1041, 218, 6.8),
(1041, 83, 9.2),
(1041, 962, 9.1),
(1041, 1128, 8.5),
(1041, 129, 8.2),
(1041, 806, 7.7),
(1042, 806, 8.2),
(1043, 284, 7.6),
(1043, 722, 7.2),
(1043, 1069, 6.3),
(1044, 815, 6.9),
(1045, 234, 6.9),
(1045, 775, 6.6),
(1045, 539, 5.8),
(1045, 311, 7.7),
(1045, 1128, 5.8),
(1045, 249, 5.1),
(1045, 949, 5.9),
(1045, 179, 7.1),
(1045, 903, 7.1),
(1046, 629, 7.2),
(1046, 1043, 5.7),
(1046, 83, 5.9),
(1046, 1098, 5.4),
(1046, 994, 6.7),
(1047, 245, 8.4),
(1047, 58, 6.0),
(1047, 324, 7.3),
(1047, 322, 7.1),
(1048, 128, 8.9),
(1048, 249, 7.0),
(1048, 323, 8.7),
(1048, 653, 7.8),
(1049, 707, 4.9),
(1049, 1137, 5.8),
(1049, 426, 5.9),
(1050, 779, 5.7),
(1050, 690, 5.7),
(1050, 452, 5.4),
(1050, 544, 7.1),
(1050, 812, 5.7),
(1050, 764, 7.3),
(1050, 233, 7.4),
(1051, 36, 7.2),
(1051, 163, 7.9),
(1051, 364, 5.1),
(1051, 346, 7.8),
(1051, 1098, 5.5),
(1051, 1131, 5.6),
(1052, 64, 8.8),
(1052, 962, 7.6),
(1052, 202, 8.0),
(1052, 812, 6.6),
(1052, 541, 8.9),
(1052, 647, 6.9),
(1052, 989, 6.6),
(1053, 815, 7.3),
(1053, 720, 7.2),
(1053, 845, 8.5),
(1053, 608, 7.0),
(1053, 889, 7.9),
(1053, 933, 6.3),
(1053, 953, 7.9),
(1054, 679, 8.8),
(1054, 146, 8.8),
(1055, 143, 7.4),
(1056, 524, 6.0),
(1056, 1152, 6.8),
(1056, 792, 7.5),
(1056, 546, 6.5),
(1056, 486, 5.5),
(1056, 541, 5.2),
(1056, 508, 5.6),
(1056, 58, 7.8),
(1057, 1105, 7.0),
(1057, 1131, 7.9),
(1057, 471, 8.6),
(1057, 65, 8.2),
(1057, 358, 8.0),
(1058, 820, 7.7),
(1058, 476, 6.7),
(1058, 600, 8.9),
(1058, 274, 6.5),
(1059, 361, 6.7),
(1059, 780, 5.7),
(1059, 1119, 5.6),
(1059, 274, 5.2),
(1059, 284, 7.6),
(1059, 452, 6.7),
(1060, 364, 8.3),
(1060, 1143, 6.6),
(1060, 454, 8.8),
(1060, 1016, 8.6),
(1060, 639, 7.3),
(1061, 994, 6.3),
(1061, 571, 6.8),
(1061, 721, 6.3),
(1061, 801, 6.8),
(1062, 690, 7.7),
(1062, 809, 7.1),
(1062, 652, 7.1),
(1062, 339, 5.9),
(1062, 561, 6.7),
(1062, 639, 6.5),
(1062, 475, 7.6),
(1062, 1063, 6.2),
(1062, 1143, 8.3),
(1063, 277, 9.3),
(1064, 967, 7.0),
(1064, 163, 7.5),
(1065, 360, 8.5),
(1066, 753, 8.1),
(1066, 574, 7.2),
(1067, 647, 8.7),
(1067, 223, 6.6),
(1067, 1059, 8.9),
(1067, 283, 8.4),
(1067, 480, 8.2),
(1067, 129, 7.9),
(1067, 889, 7.0),
(1067, 1020, 9.2),
(1068, 953, 9.3),
(1068, 1069, 9.4),
(1068, 997, 7.4),
(1068, 629, 7.4),
(1068, 544, 7.4),
(1068, 885, 7.0),
(1068, 319, 9.0),
(1068, 831, 8.2),
(1069, 740, 7.9),
(1069, 989, 8.5),
(1069, 997, 8.5),
(1069, 933, 6.5),
(1069, 1093, 6.6),
(1069, 245, 6.7),
(1069, 1085, 6.7),
(1069, 135, 8.1),
(1070, 223, 5.4),
(1070, 436, 5.7),
(1070, 318, 7.3),
(1070, 361, 4.7),
