(1, 'Pinky Memsaab', 2018, 7.1, 124, 960, 23, 1, 248),
(2, 'Whistle', 2013, 6.9, 122, 960, 23, 1, 23),
(3, 'Thora Jee Le', 2017, 7.4, 137, 960, 23, 1, 2),
(4, 'Lagaan', 2001, 8.1, 224, 393, 4, 2, 24),
(5, 'Dangal', 2016, 8.4, 161, 393, 10, 2, 784),
(6, 'Taste of Cherry', 1997, 7.7, 95, 668, 23, 3, 27),
(7, 'Baazigar', 1992, 7.7, 175, 393, 18, 4, 764),
(8, 'Race', 2008, 6.6, 149, 393, 2, 4, 733),
(9, 'Khiladi', 1992, 7.4, 157, 393, 2, 4, 752),
(10, 'Soldier', 1998, 6.8, 156, 393, 2, 4, 733),
(11, 'Timbuktu', 2014, 7.2, 97, 260, 23, 5, 59),
(12, 'Bamako', 2006, 6.7, 115, 52, 23, 5, 69),
(13, 'Hairspray', 2007, 6.7, 117, 213, 13, 6, 376),
(14, 'Wonderful Town', 2007, 7.4, 92, 906, 23, 9, 579),
(15, 'Hi-So', 2010, 6.6, 126, 906, 23, 9, 645),
(16, 'Dilwale Dulhania Le Jayenge', 1995, 8.1, 181, 393, 23, 10, 795),
(17, 'Shah', 2015, 8.4, 126, 960, 10, 11, 419),
(18, 'Motorcycle Girl', 2018, 7.6, 125, 960, 10, 11, 419),
(19, 'Vagabond', 1985, 7.7, 105, 260, 23, 13, 175),
(20, 'The Lure', 2015, 6.4, 92, 674, 23, 15, 781),
(21, 'The Mountain', 2018, 6.4, 106, 28, 23, 17, 56),
(22, 'Yomeddine', 2018, 7.1, 97, 28, 4, 17, 103),
(23, 'El-Haram el-Rabea', 1996, 5.7, 105, 28, 13, 18, 238),
(24, 'Sayed el atifi', 1992, 5.6, 100, 28, 2, 18, 238),
(25, 'Afrah', 2006, 6.1, 116, 28, 13, 18, 55),
(26, 'Nasser 56', 1996, 7.5, 140, 28, 10, 19, 355),
(27, 'Leningrad Cowboys Go America', 1989, 7.0, 79, 246, 13, 20, 685),
(28, 'Ariel', 1988, 7.7, 73, 246, 18, 20, 294),
(29, 'Ganes', 2007, 6.5, 104, 246, 10, 21, 778),
(30, 'The Border', 2007, 6.4, 110, 246, 23, 21, 672),
(31, 'Seven Samurai', 1954, 8.6, 207, 422, 4, 23, 736),
(32, 'Jonah Who Will Be 25 in the Year 2000', 1976, 7.6, 118, 260, 13, 24, 186),
(33, 'Messidor', 1979, 7.1, 123, 260, 23, 24, 186),
(34, 'La Salamandre', 1971, 7.2, 119, 260, 23, 24, 186),
(35, 'Elephant', 1989, 7.2, 39, 213, 18, 25, 79),
(36, 'Locaciones: Buscando a Rusty James', 2008, 6.8, 84, 759, 22, 26, 137),
(37, 'Invierno', 2015, 6.4, 80, 759, 23, 26, 150),
(38, 'Un Novio para mi Mujer', 2008, 6.6, 100, 759, 13, 29, 568),
(39, 'Thale', 2012, 5.6, 76, 628, 59, 32, 258),
(40, 'House of Norway', 2011, 6.0, 74, 628, 132, 32, 258),
(41, 'Detective Downs', 2013, 6.6, 86, 628, 13, 32, 96),
(42, 'The Troll Hunter', 2010, 7.0, 103, 628, 4, 32, 286),
(43, 'Russian Ark', 2002, 7.4, 99, 694, 23, 33, 354),
(44, 'Faust', 2011, 6.7, 140, 694, 23, 33, 586),
(45, 'Vares: Private Eye', 2004, 5.9, 95, 246, 18, 34, 672),
(46, 'Producing Adults', 2004, 6.9, 110, 246, 23, 35, 404),
(47, 'Ex Machina', 2014, 7.7, 108, 213, 23, 36, 202),
(48, 'Annihilation', 2018, 6.8, 115, 213, 4, 36, 667),
(49, 'Psycho', 1960, 8.5, 109, 213, 132, 39, 643),
(50, 'The Hitcher', 1990, 7.2, 100, 28, 2, 40, 32),
(51, 'Little Girl Blue', 2007, 6.4, 89, 143, 23, 41, 513),
(52, 'The Greatest Czechs', 2010, 6.6, 120, 143, 10, 41, 99),
(53, 'The Future', 2013, 5.5, 90, 759, 23, 42, 157),
(54, 'Heli', 2013, 6.8, 105, 759, 18, 44, 448),
(55, 'The Untamed', 2016, 6.3, 98, 759, 23, 44, 448),
(56, 'Badhaai Ho', 2018, 8.0, 124, 393, 13, 45, 392),
(57, 'Tevar', 2015, 4.1, 157, 393, 2, 45, 630),
(58, 'Wild Tales', 2014, 8.1, 122, 759, 13, 48, 195),
(59, 'My Friend from the Park', 2015, 6.2, 86, 759, 23, 48, 613),
(60, 'Tanu Weds Manu', 2011, 6.7, 113, 393, 13, 50, 767),
(61, 'Raanjhanaa', 2013, 7.6, 140, 393, 23, 50, 253),
(62, 'The Green Butchers', 2003, 6.8, 100, 149, 13, 51, 423),
(63, 'American Honey', 2016, 7.0, 163, 213, 23, 52, 277),
(64, 'Wuthering Heights', 2011, 6.1, 129, 213, 23, 52, 237),
(65, 'The Counterfeiters', 2007, 7.6, 98, 296, 18, 54, 30),
(66, 'Stop! Or My Mom Will Shoot', 1992, 4.3, 87, 213, 2, 54, 532),
(67, 'Silentium', 2004, 7.1, 114, 296, 18, 54, 226),
(68, 'Detaljer', 2003, 6.3, 105, 768, 23, 55, 620),
(69, 'Svart kung', 2005, 5.7, 106, 768, 23, 55, 699),
(70, 'Alla älskar Alice', 2002, 5.5, 106, 768, 23, 55, 530),
(71, 'Den Bästa sommaren', 2000, 5.3, 100, 768, 23, 55, 530),
(72, 'Ena votsalo sti limni', 1979, 7.4, 130, 342, 23, 56, 257),
(73, 'The Dark Valley', 2014, 7.1, 115, 296, 2, 57, 794),
(74, 'Das finstere Tal', 2014, 7.1, 115, 296, 290, 57, 36),
(75, 'Stalker', 1979, 8.1, 162, 694, 23, 59, 492),
(76, 'Shrek', 2001, 7.8, 90, 213, 6, 60, 230),
(77, 'Shrek 2', 2004, 7.2, 93, 213, 6, 60, 230),
(78, 'The Assassination of Jesse James by the Coward Robert Ford', 2007, 7.5, 160, 213, 10, 61, 786),
(79, '45 Years', 2015, 7.1, 91, 213, 23, 62, 720),
(80, 'Weekend', 2011, 7.6, 97, 213, 23, 62, 697),
(81, 'Infernal Affairs', 2002, 8.1, 101, 89, 18, 63, 456),
(82, 'Initial D', 2005, 6.4, 107, 89, 2, 63, 456),
(83, 'Confession of Pain', 2006, 6.6, 110, 89, 18, 63, 456),
(84, 'Gattaca', 1997, 7.8, 106, 213, 23, 64, 180),
(85, 'House of Sand', 2005, 7.6, 115, 677, 23, 66, 675),
(86, 'Me You Them', 2000, 7.3, 104, 677, 23, 66, 675),
(87, 'Ashes and Diamonds', 1958, 7.9, 103, 674, 23, 67, 395),
(88, 'Cosmos', 2015, 5.8, 103, 260, 290, 68, 473),
(89, 'The Third Part of the Night', 1971, 7.3, 105, 674, 23, 68, 809),
(90, 'Blessed Benefit', 2016, 7.4, 83, 28, 13, 70, 139),
(91, 'Satanás', 2007, 7.5, 95, 759, 18, 70, 141),
(92, 'The Honeymoon Phase', 2019, 5.8, 89, 213, 132, 71, 537),
(93, 'Dhogs', 2017, 5.1, 85, 278, 18, 71, 64),
(94, 'Los Debutantes', 2003, 6.8, 115, 759, 18, 72, 307),
(95, 'Singh Is Kinng', 2008, 5.7, 135, 393, 2, 74, 109),
(96, 'Crouching Tiger, Hidden Dragon', 2000, 7.8, 120, 1013, 2, 75, 675),
(97, 'Brokeback Mountain', 2005, 7.7, 134, 213, 23, 75, 302),
(98, 'Bekaraar', 1983, 6.7, 157, 393, 23, 76, 592),
(99, 'Gadar: Ek Prem Katha', 2001, 7.2, 170, 393, 2, 77, 802),
(100, 'The Hero: Love Story of a Spy', 2003, 5.3, 176, 393, 2, 77, 730),
(101, 'Apne', 2007, 6.9, 173, 393, 23, 77, 773),
(102, 'Boat People', 1982, 7.6, 109, 89, 23, 78, 334),
(103, 'Summer Snow', 1995, 7.9, 100, 89, 23, 78, 334),
(104, 'The Postmodern Life of My Aunt', 2006, 6.8, 111, 89, 13, 78, 273),
(105, 'The Resident', 2011, 5.3, 91, 213, 23, 82, 359),
(106, 'Purge', 2012, 5.7, 85, 246, 23, 82, 107),
(107, 'Thappad', 2020, 6.8, 142, 393, 23, 83, 95),
(108, 'Mulk', 2018, 6.8, 140, 393, 23, 83, 95),
(109, 'Life in a... Metro', 2007, 7.3, 132, 393, 23, 84, 747),
(110, 'Dev.D', 2009, 8.0, 144, 393, 23, 85, 747),
(111, 'Black Friday', 2004, 8.5, 143, 393, 18, 85, 472),
(112, 'Ugly', 2013, 8.0, 128, 393, 23, 85, 206),
(113, 'Kesari', 2019, 7.6, 150, 393, 2, 86, 215),
(114, 'Singh is Bliing', 2015, 5.4, 141, 393, 2, 86, 343),
(115, 'The Unseeable', 2006, 6.7, 100, 906, 23, 88, 299),
(116, 'Midsommar', 2019, 7.1, 148, 213, 23, 89, 13),
(117, 'The Bothersome Man', 2006, 7.4, 95, 628, 13, 90, 123),
(118, 'Shadow of the Holy Book', 2007, 7.3, 104, 246, 22, 94, 66),
(119, 'The Holy Office', 1974, 7.5, 115, 759, 23, 95, 39),
(120, 'The Salesman', 2016, 7.8, 124, 668, 23, 96, 463),
(121, 'In the Flesh', 2012, 6.3, 44, 968, 602, 97, 70),
(122, 'Lal Kabootar', 2019, 7.0, 95, 960, 18, 99, 515),
(123, 'Ho Mann Jahaan', 2015, 7.1, 170, 960, 23, 100, 724),
(124, 'Hamlet', 1921, 7.2, 120, 737, 23, 101, 72),
(125, 'The Girls Are Willing', 1958, 7.0, 100, 149, 23, 102, 625),
(126, 'Talking About Trees', 2019, 7.2, 93, 28, 22, 103, 407),
(127, 'The Waiting Bench', 2012, 6.7, 10, 28, 602, 103, 244),
(128, 'Taxidermia', 2006, 7.0, 91, 400, 13, 106, 44),
(129, 'Selvi Boylum Al Yazmalım', 1978, 8.1, 95, 932, 23, 107, 252),
(130, 'Selma', 2014, 7.5, 128, 213, 10, 108, 570),
(131, '13th', 2016, 8.2, 100, 213, 22, 108, 396),
(132, 'Janaan', 2016, 6.8, 133, 663, 23, 109, 370),
(133, 'Na Maloom Afraad', 2014, 7.8, 137, 960, 13, 110, 292),
(134, 'Ballad of Tara', 1979, 8.0, 135, 668, 23, 112, 380),
(135, 'Bashu, the Little Stranger', 1989, 8.1, 120, 668, 23, 112, 380),
(136, 'Shutter', 2004, 7.1, 97, 906, 132, 113, 325),
(137, 'The Silence', 2010, 6.8, 119, 296, 18, 114, 749),
(138, 'Who Am I: Kein System ist sicher', 2014, 7.5, 102, 296, 18, 114, 790),
(139, 'Moonlight', 2016, 7.4, 111, 213, 23, 116, 13),
(140, 'Baaton Baaton Mein', 1979, 7.1, 107, 393, 13, 117, 77),
(141, 'Romeo + Juliet', 1996, 6.7, 120, 213, 23, 118, 4),
(142, 'Australia', 2008, 6.6, 165, 213, 4, 118, 4),
(143, 'Clandestine Childhood', 2011, 6.9, 112, 759, 23, 121, 38),
(144, 'Uncut Gems', 2019, 7.4, 135, 213, 18, 122, 13),
(145, 'Kitchen Stories', 2003, 7.3, 95, 628, 13, 123, 441),
(146, 'Crime Delicado', 2005, 7.0, 100, 677, 23, 125, 332),
(147, 'Eu Receberia as Piores Notícias dos Seus Lindos Lábios', 2011, 5.9, 100, 677, 23, 125, 332),
(148, 'Waar', 2013, 7.2, 130, 960, 2, 126, 478),
(149, 'Pelle the Conqueror', 1987, 7.8, 157, 149, 23, 127, 574),
(150, 'Double Indemnity', 1944, 8.3, 107, 213, 18, 128, 561),
(151, 'Joe Hill', 1971, 7.5, 117, 768, 10, 130, 15),
(152, 'The Country Teacher', 2008, 7.3, 113, 143, 23, 131, 514),
(153, 'Wild Bees', 2001, 6.7, 106, 143, 23, 131, 120),
(154, 'Something Like Happiness', 2005, 7.4, 102, 143, 13, 131, 514),
(155, 'The Giants', 2011, 6.6, 84, 260, 23, 133, 765),
(156, 'Eldorado', 2008, 6.6, 80, 260, 13, 133, 765),
(157, 'The Story of Racheltjie de Beer', 2019, 6.5, 124, 6, 23, 134, 245),
(158, 'Mission: Impossible', 1996, 7.1, 110, 213, 2, 135, 561),
(159, 'Tender Mercies', 1983, 7.3, 92, 213, 23, 136, 234),
(160, 'Living in Fear', 2005, 6.6, 105, 968, 23, 138, 772),
(161, 'The Treacherous', 2015, 6.1, 133, 477, 23, 139, 652),
(162, 'Be My Guest', 2021, 6.2, 98, 477, 132, 139, 132),
(163, 'Confession of Murder', 2012, 7.1, 119, 477, 2, 140, 815),
(164, 'The Turin Horse', 2011, 7.8, 146, 400, 23, 141, 709),
(165, 'Bye Bye Brasil', 1980, 6.9, 110, 677, 4, 144, 247),
(166, 'The Official Story', 1985, 7.9, 112, 759, 23, 145, 357),
(167, 'Que viva la música', 2015, 5.6, 101, 759, 23, 146, 141),
(168, 'Post Tenebras Lux', 2012, 6.6, 115, 759, 23, 147, 448),
(169, 'Japón', 2002, 6.8, 130, 759, 23, 147, 529),
(170, 'Carmen', 1983, 6.8, 102, 759, 23, 148, 243),
(171, 'Twilight', 2008, 5.2, 122, 213, 23, 152, 695),
(172, 'Süt', 2008, 6.9, 107, 932, 23, 154, 426),
(173, 'Pek Yakında', 2014, 7.2, 138, 932, 13, 156, 127),
(174, 'News from Home', 1977, 7.4, 85, 260, 22, 158, 554),
(175, 'La Captive', 2000, 6.8, 118, 260, 23, 158, 554),
(176, 'The Great Dictator', 1940, 8.4, 125, 213, 13, 159, 751),
(177, 'City Lights', 1931, 8.5, 87, 213, 13, 159, 751),
(178, 'The Emperor and the Assassin', 1998, 6.9, 162, 1013, 10, 160, 334),
(179, 'Four Minutes', 2006, 7.5, 112, 296, 23, 163, 430),
(180, 'Illiterate', 2013, 6.9, 63, 759, 23, 164, 323),
(181, 'Barbara', 2012, 7.1, 105, 296, 23, 165, 632),
(182, 'One Breath', 2015, 6.7, 100, 296, 23, 166, 639),
(183, 'Silberwald', 2012, 6.2, 106, 296, 23, 167, 363),
(184, 'Everything Will Be Fine', 2010, 7.1, 95, 149, 23, 168, 805),
(185, 'Reconstruction', 2003, 7.5, 92, 149, 23, 168, 530),
(186, 'Inception', 2010, 8.8, 148, 213, 2, 170, 703),
(187, 'The Dark Knight', 2008, 9.0, 152, 213, 2, 170, 703),
(188, 'Interstellar', 2014, 8.6, 169, 213, 4, 170, 703),
(189, 'Dunkirk', 2017, 7.8, 106, 213, 2, 170, 703),
(190, 'Bedevilled', 2010, 7.3, 115, 477, 18, 171, 684),
(191, 'My Friend & His Wife', 2006, 6.5, 110, 477, 23, 171, 629),
(192, 'Embrace of the Serpent', 2015, 7.9, 125, 759, 4, 173, 122),
(193, 'My Life as a Zucchini', 2016, 7.8, 66, 260, 6, 174, 112),
(194, 'The Butcher', 1970, 7.5, 93, 260, 18, 175, 259),
(195, 'The Unfaithful Wife', 1969, 7.6, 98, 260, 18, 175, 290),
(196, 'Shoah', 1985, 8.4, 566, 260, 22, 176, 356),
(197, 'Unforgiven', 1992, 8.2, 130, 213, 974, 177, 785),
(198, 'The Arbor', 2010, 7.2, 94, 213, 22, 178, 68),
(199, 'La tierra y la sombra', 2015, 7.1, 97, 759, 23, 181, 125),
(200, 'Traces of the Dragon: Jackie Chan and His Lost Family', 2003, 6.8, 90, 213, 22, 182, 334),
(201, 'Blood Rain', 2005, 6.9, 119, 477, 18, 182, 394),
(202, 'Broken', 2014, 6.7, 122, 477, 23, 183, 335),
(203, 'La La Land', 2016, 8.0, 128, 213, 13, 184, 695),
(204, 'Whiplash', 2014, 8.5, 106, 213, 23, 184, 114),
(205, 'When the Tenth Month Comes', 1984, 7.5, 98, 968, 23, 185, 770),
(206, 'The Girl Who Played with Fire', 2009, 7.2, 129, 768, 18, 186, 276),
(207, 'Slumdog Millionaire', 2008, 8.0, 120, 213, 23, 188, 311),
(208, 'Trainspotting', 1996, 8.1, 94, 213, 23, 188, 156),
(209, '127 Hours', 2010, 7.6, 94, 213, 4, 188, 311),
(210, 'Land of Fear', 1999, 6.3, 140, 28, 23, 189, 617),
(211, 'Deep Red', 1975, 7.6, 127, 419, 132, 190, 614),
(212, 'The Cow', 1969, 8.1, 100, 668, 23, 191, 692),
(213, 'End of Watch', 2012, 7.6, 109, 213, 2, 194, 544),
(214, 'Suicide Squad', 2016, 6.0, 123, 213, 2, 194, 786),
(215, 'A History of Violence', 2005, 7.4, 96, 213, 18, 195, 518),
(216, 'Fight Club', 1999, 8.8, 139, 213, 23, 196, 4),
(217, 'Gone Girl', 2014, 8.1, 149, 213, 23, 196, 4),
(218, 'Lawrence of Arabia', 1962, 8.3, 228, 213, 4, 198, 180),
(219, 'Blue Velvet', 1986, 7.7, 120, 213, 23, 199, 211),
(220, 'Outlaw King', 2018, 6.9, 121, 213, 2, 200, 657),
(221, 'American Hustle', 2013, 7.2, 138, 213, 18, 201, 180),
(222, 'The Fighter', 2010, 7.8, 116, 213, 10, 201, 561),
(223, 'Joy', 2015, 6.6, 124, 213, 10, 201, 4),
(224, 'Loners', 2000, 7.4, 126, 143, 13, 202, 821),
(225, 'A Perfect Getaway', 2009, 6.5, 98, 213, 4, 203, 754),
(226, 'Riddick', 2013, 6.4, 119, 213, 2, 203, 754),
(227, 'Mudbound', 2017, 7.4, 134, 213, 23, 204, 516),
(228, 'Pariah', 2011, 7.1, 86, 213, 23, 204, 302),
(229, 'Water', 2005, 7.6, 117, 393, 23, 205, 208),
(230, 'Fire', 1996, 6.8, 108, 393, 23, 205, 212),
(231, 'Earth', 1998, 7.7, 110, 393, 23, 205, 212),
(232, 'Mechanic: Resurrection', 2016, 5.7, 98, 213, 2, 207, 477),
(233, 'We Are the Night', 2010, 6.3, 99, 296, 23, 207, 598),
(234, 'The Barbarian Invasions', 2003, 7.5, 99, 260, 13, 208, 589),
(235, 'Dot', 2008, 7.7, 96, 932, 23, 209, 799),
(236, 'Jewel Thief', 1967, 7.0, 139, 393, 18, 211, 511),
(237, 'Mérida 2011', 2011, 6.8, 104, 759, 23, 212, 161),
(238, 'Amsterdamned', 1988, 6.5, 105, 188, 2, 213, 298),
(239, 'The Third Wife', 2018, 6.7, 96, 968, 23, 214, 46),
(240, 'Too Late to Die Young', 2018, 6.6, 110, 759, 23, 217, 307),
(241, 'Jackpot', 2015, 5.8, 92, 968, 13, 218, 85),
(242, 'Source Code', 2011, 7.5, 93, 213, 290, 219, 723),
(243, 'Warcraft', 2016, 6.8, 123, 213, 2, 219, 410),
(244, 'Shaun of the Dead', 2004, 7.9, 99, 213, 13, 221, 754),
(245, 'Hot Fuzz', 2007, 7.8, 121, 213, 2, 221, 693),
(246, 'Scott Pilgrim vs. the World', 2010, 7.5, 112, 213, 2, 221, 754),
(247, 'Come and See', 1985, 8.3, 142, 694, 23, 223, 492),
(248, 'Welcome, or No Trespassing', 1964, 8.4, 74, 694, 13, 223, 492),
(249, 'Agony', 1975, 8.1, 140, 694, 10, 223, 492),
(250, 'Farewell', 1983, 7.5, 134, 694, 23, 223, 492),
(251, 'On the Waterfront', 1954, 8.1, 108, 213, 18, 224, 180),
(252, 'Kopps', 2003, 6.6, 90, 768, 2, 225, 673),
(253, 'Maria Candelaria', 1943, 7.5, 102, 759, 23, 226, 583),
(254, 'Terrorism and Kebab', 1992, 6.1, 114, 28, 13, 227, 438),
(255, 'Mercedes', 1993, 6.6, 120, 28, 23, 227, 438),
(256, 'Pauline at the Beach', 1983, 7.6, 94, 260, 13, 228, 412),
(257, 'The Tree of Wooden Clogs', 1978, 8.0, 186, 419, 23, 232, 163),
(258, 'Il Posto', 1961, 8.0, 93, 419, 23, 232, 275),
(259, 'Hababam Sınıfı', 1975, 8.0, 87, 932, 13, 233, 817),
(260, 'The Innocents', 2016, 7.3, 115, 628, 23, 234, 413),
(261, 'Pirates of the Caribbean: Dead Men Tell No Tales', 2017, 6.5, 129, 213, 2, 235, 784),
(262, 'Fargo', 1996, 8.1, 98, 213, 18, 237, 578),
(263, 'Days of Grace', 2011, 6.8, 122, 759, 18, 238, 139),
(264, 'Sin hijos', 2015, 6.6, 100, 759, 13, 239, 715),
(265, 'Straight Outta Compton', 2015, 7.8, 147, 213, 10, 240, 754),
(266, 'The Aura', 2005, 7.1, 134, 759, 18, 241, 418),
(267, 'Nine Queens', 2000, 7.9, 114, 759, 18, 241, 568),
(268, 'Jigyaasa', 2006, 2.9, 122, 393, 23, 243, 379),
(269, 'Main Hoon Na', 2004, 7.0, 179, 393, 2, 244, 601),
(270, 'Om Shanti Om', 2007, 6.6, 162, 393, 2, 244, 601),
(271, 'Dil Chahta Hai', 2001, 8.1, 183, 393, 13, 245, 262),
(272, 'The Edge of Heaven', 2007, 7.8, 122, 296, 23, 247, 193),
(273, 'La Dolce Vita', 1960, 8.0, 174, 419, 13, 249, 610),
(274, 'The Debt', 1997, 7.4, 110, 759, 23, 251, 303),
(275, 'The Hidden Face', 2011, 7.4, 97, 759, 23, 251, 308),
(276, 'The Misfortunates', 2009, 7.4, 108, 188, 13, 252, 465),
(277, 'Assembly', 2007, 7.3, 124, 1013, 2, 253, 362),
(278, 'Patision Avenue', 2018, 6.1, 105, 342, 23, 254, 198),
(279, 'Kissing? Oh, Please!', 2017, 5.7, 97, 342, 13, 254, 352),
(280, 'Moscow Square', 2001, 7.4, 111, 400, 23, 255, 367),
(281, 'Album', 2004, 7.0, 127, 932, 23, 256, 87),
(282, 'Historia de una Madre', 2019, 7.7, 100, 759, 23, 258, 233),
(283, 'Blindness', 2008, 6.6, 121, 213, 23, 259, 609),
(284, 'Chico & Rita', 2010, 7.2, 94, 759, 6, 260, 382),
(285, 'The Ignorant Fairies', 2001, 7.5, 106, 419, 23, 262, 267),
(286, 'The Other Side of the Bed', 2002, 6.6, 114, 759, 13, 262, 373),
(287, 'Facing Windows', 2003, 7.3, 106, 419, 23, 262, 146),
(288, 'Home', 2016, 6.9, 103, 188, 23, 263, 465),
(289, 'Kid', 2012, 6.4, 91, 188, 23, 263, 581),
(290, 'Max Havelaar', 1976, 6.9, 170, 188, 23, 266, 176),
(291, 'The Godfather', 1972, 9.2, 175, 213, 18, 267, 561),
(292, 'Apocalypse Now', 1979, 8.4, 147, 213, 23, 267, 751),
(293, 'The Godfather: Part II', 1974, 9.0, 202, 213, 18, 267, 561),
(294, 'The Conversation', 1974, 7.8, 113, 213, 23, 267, 561),
(295, 'The Shawshank Redemption', 1994, 9.3, 142, 213, 23, 268, 145),
(296, 'The Green Mile', 1999, 8.6, 189, 213, 18, 268, 145),
(297, 'The Mist', 2007, 7.1, 126, 213, 23, 268, 207),
(298, 'Jules and Jim', 1962, 7.8, 105, 260, 23, 269, 411),
(299, 'The Big Heat', 1953, 8.0, 90, 213, 18, 272, 180),
(300, 'Metropolis', 1927, 8.3, 153, 296, 23, 272, 745),
(301, 'Dumplings', 2004, 6.8, 91, 89, 23, 273, 53),
(302, 'Made in Hong Kong', 1997, 7.1, 108, 89, 18, 273, 334),
(303, 'The Midnight After', 2014, 5.6, 124, 89, 13, 273, 456),
(304, 'Madeinusa', 2005, 6.7, 100, 759, 23, 275, 300),
(305, 'Rogue One: A Star Wars Story', 2016, 7.8, 133, 213, 2, 276, 422),
(306, 'Godzilla', 2014, 6.4, 123, 213, 2, 276, 786),
(307, 'Monsters', 2010, 6.4, 94, 213, 23, 276, 766),
(308, 'Son of Rambow', 2007, 7.0, 96, 213, 2, 277, 148),
(309, 'Enter the Void', 2009, 7.3, 161, 213, 23, 278, 791),
(310, 'Eye in the Sky', 2015, 7.3, 102, 213, 23, 280, 594),
(311, 'The Ides of March', 2011, 7.1, 101, 213, 23, 282, 180),
(312, 'Star Wars: Episode I - The Phantom Menace', 1999, 6.5, 136, 213, 2, 283, 422),
(313, 'Star Wars: Episode II - Attack of the Clones', 2002, 6.5, 142, 213, 2, 283, 422),
(314, 'Happy Feet', 2006, 6.4, 108, 213, 6, 284, 786),
(315, 'The Banker', 2020, 7.3, 120, 213, 10, 285, 54),
(316, 'Slap Shot', 1977, 7.3, 123, 213, 13, 286, 754),
(317, 'I poli ton thavmaton', 1973, 7.3, 100, 342, 13, 289, 297),
(318, 'O polemos ton astron', 1971, 6.2, 100, 342, 13, 289, 297),
(319, 'Little Women', 1994, 7.3, 115, 213, 23, 290, 180),
(320, 'The Age of the Earth', 1980, 7.5, 150, 677, 23, 292, 247),
(321, 'Earth Entranced', 1967, 7.8, 111, 677, 23, 292, 168),
(322, 'Pirates of the Caribbean: The Curse of the Black Pearl', 2003, 8.0, 143, 213, 2, 293, 784),
(323, 'The Ring', 2002, 7.1, 115, 213, 132, 293, 231),
(324, 'Pirates of the Caribbean: At Worlds End', 2007, 7.1, 169, 213, 2, 293, 784),
(325, 'Rango', 2011, 7.2, 107, 213, 6, 293, 561),
(326, 'Pirates of the Caribbean: Dead Mans Chest', 2006, 7.3, 151, 213, 2, 293, 784),
(327, 'The Lone Ranger', 2013, 6.4, 150, 213, 2, 293, 784),
(328, 'The Mexican', 2001, 6.1, 123, 213, 4, 293, 231),
(329, 'Ned Kelly', 2003, 6.5, 110, 213, 2, 294, 693),
(330, 'Two Hands', 1999, 7.2, 103, 213, 13, 294, 681),
(331, 'The Informers', 2008, 5.0, 98, 213, 23, 294, 638),
(332, 'Lady Bird', 2017, 7.4, 94, 213, 13, 295, 13),
(333, 'Little Women', 2019, 7.8, 135, 213, 23, 295, 180),
(334, 'Cry Freedom', 1987, 7.5, 157, 213, 10, 296, 754),
(335, 'Bride and Prejudice', 2004, 6.2, 122, 213, 13, 298, 572),
(336, 'Blinded by the Light', 2019, 6.9, 117, 213, 13, 298, 518),
(337, 'Angus, Thongs and Perfect Snogging', 2008, 6.3, 100, 213, 13, 298, 561),
(338, 'Kaagaz Ke Phool', 1959, 8.1, 148, 393, 23, 299, 460),
(339, 'Milk', 2008, 7.5, 128, 213, 10, 300, 302),
(340, 'Elephant', 2003, 7.2, 81, 213, 18, 300, 347),
(341, 'Lucifer', 2014, 6.4, 108, 759, 23, 301, 124),
(342, 'The Broken Circle Breakdown', 2012, 7.8, 111, 188, 23, 301, 465),
(343, 'Kungsgatan', 1923, 6.2, 102, 768, 23, 302, 14),
(344, 'Gunnar Hedes saga', 1923, 6.1, 112, 768, 23, 302, 14),
(345, 'Hukkle', 2002, 7.0, 78, 400, 23, 305, 475),
(346, 'Children of Glory', 2006, 7.2, 123, 400, 23, 306, 366),
(347, 'Antares', 2004, 6.7, 101, 296, 23, 307, 191),
(348, 'Failan', 2001, 7.8, 115, 477, 23, 308, 743),
(349, 'Best Times', 2004, 7.5, 105, 28, 23, 309, 89),
(350, 'The Treasure 2', 1999, 6.9, 85, 28, 13, 311, 683),
(351, 'Behind Blue Skies', 2010, 6.6, 110, 768, 23, 312, 622),
(352, 'The Beautiful Country', 2004, 7.3, 137, 213, 23, 313, 639),
(353, 'In Order of Disappearance', 2014, 7.2, 116, 628, 2, 313, 555),
(354, 'Spirited Away', 2001, 8.6, 125, 422, 6, 316, 691),
(355, 'Adrift', 2009, 5.4, 97, 677, 23, 318, 138),
(356, 'Hunger', 1966, 7.4, 112, 149, 23, 319, 530),
(357, 'El Paseo', 2010, 6.7, 100, 759, 13, 320, 160),
(358, 'Shoplifters', 2018, 8.0, 121, 422, 18, 322, 20),
(359, 'Nobody Knows', 2004, 8.1, 141, 422, 23, 322, 250),
(360, 'After Life', 1998, 7.7, 118, 422, 23, 322, 711),
(361, 'Like Father, Like Son', 2013, 7.8, 121, 422, 23, 322, 45),
(362, 'Samurai I: Musashi Miyamoto', 1954, 7.6, 93, 422, 2, 323, 736),
(363, 'Being Cyrus', 2005, 7.3, 90, 213, 23, 324, 767),
(364, 'Cocktail', 2012, 6.1, 146, 393, 13, 324, 372),
(365, 'Tale of Cinema', 2005, 7.1, 89, 477, 23, 325, 389),
(366, 'The Assassin', 2015, 6.3, 105, 1013, 2, 327, 151),
(367, 'Guddi', 1971, 7.2, 121, 393, 13, 328, 385),
(368, 'Three Times', 2005, 7.9, 132, 1013, 23, 329, 8),
(369, 'In the Eyes of the Night', 2001, 7.3, 110, 759, 23, 330, 528),
(370, 'Black Box', 2002, 7.2, 80, 759, 23, 330, 528),
(371, 'North Korean Guys', 2003, 6.6, 122, 477, 13, 331, 166),
(372, 'Righteous Ties', 2006, 6.4, 126, 477, 2, 331, 166),
(373, 'Golden Dawn Girls', 2017, 6.9, 93, 628, 22, 332, 266),
(374, 'The Count of Monte Cristo', 1970, 6.2, 119, 342, 23, 333, 512),
(375, 'Bachaana', 2016, 7.2, 115, 960, 2, 337, 365),
(376, 'Rockstar', 2011, 7.7, 159, 393, 23, 338, 654),
(377, 'Dil', 1990, 6.8, 172, 393, 23, 339, 449),
(378, 'Persona', 1966, 8.1, 85, 768, 23, 340, 700),
(379, 'Homesick', 2015, 6.6, 106, 628, 23, 341, 466),
(380, 'Parallel', 2018, 6.3, 104, 759, 23, 342, 796),
(381, 'The Similars', 2015, 6.2, 89, 759, 132, 342, 796),
(382, 'The Bookshop', 2017, 6.5, 113, 213, 23, 343, 216),
(383, 'Grave of the Fireflies', 1988, 8.5, 89, 422, 6, 344, 691),
(384, 'The Tale of the Princess Kaguya', 2013, 8.0, 137, 422, 6, 344, 691),
(385, 'Only Yesterday', 1991, 7.6, 118, 422, 6, 344, 691),
(386, 'Pom Poko', 1994, 7.3, 119, 422, 6, 344, 691),
(387, 'My Neighbors the Yamadas', 1999, 7.3, 104, 422, 6, 344, 691),
(388, 'Tigers Are Not Afraid', 2017, 7.0, 83, 759, 59, 345, 283),
(389, 'Colonel Redl', 1985, 7.7, 144, 296, 23, 346, 494),
(390, 'Silver Bears', 1977, 5.7, 113, 213, 13, 347, 180),
(391, 'Twins', 1988, 6.1, 107, 213, 13, 348, 754),
(392, 'Kindergarten Cop', 1990, 6.1, 111, 213, 13, 348, 754),
(393, 'Dave', 1993, 6.8, 110, 213, 13, 348, 785),
(394, 'Jugend ohne Gott', 2017, 6.2, 114, 296, 23, 349, 793),
(395, 'Schuld nach Ferdinand von Schirach', 2015, 7.6, 60, 296, 18, 349, 488),
(396, 'A Monster Calls', 2016, 7.5, 108, 213, 23, 350, 51),
(397, 'Rust and Bone', 2012, 7.5, 120, 260, 23, 352, 788),
(398, 'The Sisters Brothers', 2018, 7.0, 121, 213, 4, 352, 50),
(399, 'La Belle Noiseuse', 1991, 7.6, 238, 260, 23, 353, 153),
(400, 'Celine and Julie Go Boating', 1974, 7.6, 193, 260, 13, 353, 696),
(401, 'Playtime', 1967, 8.0, 124, 260, 13, 354, 682),
(402, 'Mon Oncle', 1958, 7.8, 117, 260, 13, 354, 682),
(403, 'Isoken', 2017, 6.6, 98, 213, 13, 355, 731),
(404, 'Forgotten', 2017, 7.5, 108, 477, 290, 356, 200),
(405, 'Windstruck', 2004, 7.3, 123, 477, 13, 357, 132),
(406, 'Taxi', 2015, 7.2, 82, 668, 13, 358, 387),
(407, 'This Is Not a Film', 2011, 7.3, 75, 668, 22, 358, 387),
(408, 'The Squad', 2011, 6.3, 106, 759, 132, 361, 608),
(409, 'The Miracle', 2017, 5.7, 108, 246, 13, 362, 668),
(410, 'Titanic', 1997, 7.8, 195, 213, 23, 363, 561),
(411, 'Walk the Line', 2005, 7.8, 136, 213, 10, 364, 4),
(412, 'The Conjuring', 2013, 7.5, 112, 213, 132, 365, 518),
(413, 'Aquaman', 2018, 6.9, 143, 213, 2, 365, 786),
(414, 'Insidious', 2010, 6.8, 103, 213, 132, 365, 280),
(415, 'Saw', 2004, 7.6, 103, 213, 132, 365, 414),
(416, 'Moor', 2015, 8.0, 160, 960, 23, 367, 75),
(417, 'Jägarna', 1996, 7.7, 113, 768, 18, 368, 624),
(418, 'Divided We Fall', 2000, 7.9, 120, 143, 13, 369, 738),
(419, 'Suicide Room', 2011, 6.8, 110, 674, 23, 370, 576),
(420, 'Kooky', 2010, 6.9, 84, 143, 6, 372, 100),
(421, 'All of a Sudden', 2016, 7.0, 112, 296, 18, 373, 525),
(422, 'The New Land', 1972, 8.0, 204, 768, 23, 374, 700),
(423, 'Bright Star', 2009, 6.8, 119, 213, 10, 376, 573),
(424, 'Murk', 2005, 5.9, 103, 149, 18, 377, 526),
(425, 'Itsi Bitsi', 2015, 6.1, 107, 149, 23, 377, 806),
(426, 'Up in the Air', 2009, 7.4, 109, 213, 23, 379, 561),
(427, 'Thank You for Smoking', 2005, 7.6, 92, 213, 13, 379, 311),
(428, 'Young Adult', 2011, 6.2, 94, 213, 13, 379, 561),
(429, 'Teri Meri Love Story', 2016, 5.7, 137, 960, 490, 380, 331),
(430, 'Meet the Parents', 2000, 7.0, 108, 213, 13, 381, 754),
(431, 'The Rules of the Game', 1939, 8.0, 110, 260, 13, 382, 534),
(432, 'The Assault', 1986, 7.7, 144, 188, 23, 383, 320),
(433, 'My Life to Live', 1962, 8.0, 85, 260, 23, 384, 571),
(434, 'A Very Long Engagement', 2004, 7.6, 133, 260, 23, 386, 3),
(435, 'Flatland', 2019, 7.4, 117, 213, 4, 387, 93),
(436, 'Love the One You Love', 2014, 6.3, 105, 213, 23, 387, 757),
(437, 'From Seoul to Varanasi', 2011, 5.8, 88, 477, 490, 389, 228),
(438, 'Mother Joan of the Angels', 1961, 7.8, 110, 674, 23, 390, 808),
(439, 'Night Train', 1959, 7.7, 99, 674, 23, 390, 808),
(440, 'Pharaoh', 1966, 7.9, 180, 674, 10, 390, 808),
(441, 'Moonlighting', 1982, 7.8, 97, 213, 23, 391, 271),
(442, 'Little Joe', 2019, 6.0, 105, 213, 23, 392, 192),
(443, 'Lourdes', 2009, 6.9, 99, 260, 23, 392, 192),
(444, 'Dead Man', 1995, 7.6, 121, 213, 23, 395, 386),
(445, 'My Left Foot', 1989, 7.9, 103, 213, 10, 396, 342),
(446, 'Christmas in August', 1998, 7.8, 97, 477, 23, 397, 166),
(447, 'Closely Watched Trains', 1966, 7.6, 93, 143, 13, 400, 91),
(448, 'I Served the King of England', 2006, 7.3, 120, 143, 13, 400, 91),
(449, 'King Solomon', 1974, 7.3, 97, 143, 23, 401, 92),
(450, 'A Song About the Gray Pigeon', 1961, 7.7, 90, 143, 23, 401, 289),
(451, 'Kon-Tiki', 2012, 7.2, 118, 628, 4, 402, 530),
(452, 'Panamerican Machinery', 2016, 6.9, 77, 759, 13, 404, 283),
(453, 'No Country for Old Men', 2007, 8.1, 122, 213, 18, 405, 563),
(454, 'Boy Erased', 2018, 6.9, 115, 213, 10, 406, 302),
(455, 'The Gift', 2015, 7.0, 108, 213, 290, 406, 623),
(456, 'A Time to Kill', 1996, 7.5, 149, 213, 18, 407, 785),
(457, 'Downloading Nancy', 2008, 5.8, 102, 213, 23, 408, 688),
(458, 'Escape from New York', 1981, 7.2, 99, 213, 2, 409, 246),
(459, 'A Woman Under the Influence', 1974, 8.2, 155, 213, 23, 410, 265),
(460, 'The Breakfast Club', 1985, 7.8, 97, 213, 13, 413, 754),
(461, 'A Quiet Place', 2018, 7.5, 90, 213, 23, 414, 561),
(462, 'A Quiet Place Part II', 2020, 7.4, 97, 213, 23, 414, 561),
(463, 'Toy Story', 1995, 8.3, 81, 213, 6, 415, 575),
(464, 'Cars', 2006, 7.1, 117, 213, 6, 415, 575),
(465, 'Predator', 1987, 7.8, 107, 213, 2, 416, 4),
(466, 'The Killer', 1989, 7.9, 111, 89, 2, 417, 274),
(467, 'Drug War', 2012, 7.0, 107, 89, 2, 418, 476),
(468, 'Robot Overlords', 2014, 4.6, 90, 213, 2, 419, 201),
(469, 'Tormented', 2009, 5.2, 91, 213, 13, 419, 619),
(470, 'Sexy Beast', 2000, 7.3, 89, 213, 18, 421, 277),
(471, 'Clue', 1985, 7.3, 94, 213, 13, 422, 561),
(472, 'Be with You', 2018, 7.5, 132, 477, 59, 423, 421),
(473, 'The Spy Gone North', 2018, 7.2, 137, 477, 23, 424, 132),
(474, 'Hwayi: A Monster Boy', 2013, 7.0, 126, 477, 2, 425, 651),
(475, 'Get Out', 2017, 7.7, 104, 213, 132, 426, 754),
(476, 'Us', 2019, 6.9, 116, 213, 132, 426, 754),
(477, 'The Two Way Mirror', 1984, 6.2, 105, 759, 23, 427, 301),
(478, 'Good Time', 2017, 7.4, 101, 213, 18, 428, 13),
(479, 'The Avengers', 2012, 8.0, 143, 213, 2, 429, 453),
(480, 'Avengers: Age of Ultron', 2015, 7.3, 141, 213, 2, 429, 453),
(481, 'Elite Squad', 2007, 8.1, 115, 677, 2, 431, 801),
(482, 'Santiago', 2007, 7.3, 80, 677, 22, 432, 769),
(483, 'A Boyfriend for My Wife', 2008, 6.4, 100, 759, 13, 433, 568),
(484, 'No Kids', 2015, 6.4, 90, 759, 13, 433, 82),
(485, 'The 40-Year-Old Virgin', 2005, 7.1, 116, 213, 13, 436, 754),
(486, 'Compartment No. 6', 2021, 7.1, 106, 246, 4, 437, 25),
(487, 'Koukussa', 2017, 5.7, 93, 246, 23, 438, 65),
(488, 'Found Memories', 2011, 7.3, 98, 677, 23, 439, 255),
(489, 'Miramar', 1997, 6.4, 94, 677, 23, 440, 611),
(490, 'Beauty and the Beast', 1978, 7.6, 93, 143, 23, 441, 91),
(491, 'A Taxing Woman', 1987, 7.4, 127, 422, 13, 442, 383),
(492, 'The Perfect Human', 1967, 7.7, 13, 149, 602, 444, 804),
(493, 'Ek Tha Tiger', 2012, 5.5, 132, 393, 2, 445, 795),
(494, 'New York', 2009, 6.8, 153, 393, 18, 445, 795),
(495, 'Rat King', 2012, 5.6, 94, 246, 23, 446, 404),
(496, 'The Lizard', 2004, 8.2, 115, 668, 13, 447, 565),
(497, 'Punjab Nahi Jaungi', 2017, 7.7, 159, 960, 13, 448, 664),
(498, 'Jawani Phir Nahi Ani', 2015, 7.7, 158, 960, 4, 448, 21),
(499, 'Mission 5', 2014, 6.6, 135, 960, 2, 449, 261),
(500, 'My Name Is Khan', 2010, 8.0, 165, 393, 23, 451, 215),
(501, 'Futuro Beach', 2014, 6.6, 106, 677, 23, 453, 194),
(502, 'Tamanna', 1996, 7.4, 172, 960, 289, 454, 261),
(503, 'Kochaj i tancz', 2009, 4.8, 105, 674, 13, 455, 424),
(504, 'Zero Dark Thirty', 2012, 7.4, 157, 213, 23, 456, 50),
(505, 'The Match Factory Girl', 1990, 7.7, 68, 246, 13, 457, 701),
(506, 'Steamboy', 2004, 6.9, 126, 422, 6, 460, 90),
(507, 'As It Is in Heaven', 2004, 7.6, 133, 768, 13, 461, 674),
(508, 'Death of a President', 1977, 7.0, 107, 674, 10, 462, 810),
(509, 'Anlat Istanbul', 2005, 7.4, 90, 932, 23, 463, 254),
(510, 'Certain Women', 2016, 6.3, 107, 213, 23, 464, 272),
(511, 'King of Boys', 2018, 5.8, 169, 213, 18, 465, 400),
(512, 'I, Daniel Blake', 2016, 7.9, 100, 213, 23, 466, 79),
(513, 'The Wind That Shakes the Barley', 2006, 7.5, 127, 213, 23, 466, 665),
(514, 'Women in Love', 1969, 7.6, 131, 213, 23, 467, 118),
(515, 'The Life of Oharu', 1952, 8.1, 136, 422, 23, 468, 204),
(516, 'Hamam in Amsterdam', 2012, 6.0, 89, 28, 13, 469, 174),
(517, 'The Blood of Hussain', 1980, 6.2, 83, 960, 23, 471, 637),
(518, 'State of Violence', 2010, 6.5, 125, 213, 2, 472, 203),
(519, 'Nelson Mandela: The Myth and Me', 2013, 7.2, 86, 213, 22, 472, 98),
(520, 'Besame Mucho', 2006, 6.2, 89, 677, 23, 474, 227),
(521, 'A Tale of Two Sisters', 2003, 7.2, 115, 477, 23, 475, 76),
(522, '3-Iron', 2004, 8.0, 88, 477, 18, 476, 132),
(523, 'Right Now, Wrong Then', 2015, 7.1, 121, 477, 23, 477, 389),
(524, 'The Handmaiden', 2016, 8.1, 145, 477, 23, 478, 132),
(525, 'Family Ties', 2006, 7.4, 113, 477, 23, 479, 166),
(526, 'The Widow', 1998, 5.9, 140, 213, 23, 480, 210),
(527, 'Osai: My Arrow', 2004, 6.1, 135, 213, 23, 480, 40),
(528, 'Battle Royale', 2000, 7.6, 114, 422, 2, 481, 322),
(529, 'Battles Without Honor and Humanity', 1973, 7.6, 99, 422, 18, 481, 734),
(530, 'Battle Royale II', 2003, 4.7, 134, 422, 2, 481, 734),
(531, 'Under the Flag of the Rising Sun', 1972, 7.7, 96, 422, 23, 481, 734),
(532, 'Cure', 1997, 7.8, 111, 422, 18, 482, 736),
(533, 'Mother of Mine', 2005, 7.5, 111, 246, 23, 483, 121),
(534, 'White God', 2014, 6.9, 121, 400, 23, 485, 588),
(535, 'Go Goa Gone', 2013, 6.7, 111, 393, 2, 486, 253),
(536, 'Camouflage', 1977, 7.1, 103, 674, 23, 488, 807),
(537, 'Jannat', 2008, 6.9, 140, 393, 18, 489, 779),
(538, 'Tum Mile', 2009, 4.9, 150, 393, 23, 489, 779),
(539, 'Fanaa', 2006, 7.2, 168, 393, 23, 490, 795),
(540, 'Hum Tum', 2004, 7.0, 142, 393, 13, 490, 795),
(541, 'October 1', 2014, 6.3, 149, 996, 23, 492, 333),
(542, 'Der Wald', 2012, 7.1, 97, 296, 23, 493, 483),
(543, 'Journey to the Sun', 1999, 7.4, 104, 932, 23, 494, 813),
(544, 'Friend', 2001, 7.5, 118, 477, 2, 495, 406),
(545, 'Bayoneta', 2018, 5.7, 101, 759, 23, 497, 516),
(546, 'The Matrix', 1999, 8.7, 136, 213, 2, 498, 786),
(547, 'The Cider House Rules', 1999, 7.4, 126, 213, 23, 500, 482),
(548, 'Killing Jesus', 2017, 6.4, 100, 759, 18, 501, 337),
(549, 'Norte, the End of History', 2013, 7.7, 250, 245, 23, 502, 169),
(550, 'The Woman Who Left', 2016, 7.0, 226, 245, 23, 502, 169),
(551, 'The Housemaid', 2016, 5.9, 105, 968, 132, 504, 132),
(552, 'The Lost Tour', 2015, 5.8, 90, 968, 2, 504, 155),
(553, 'Valley of the Gods', 2019, 4.9, 126, 213, 23, 505, 384),
(554, 'I Saw the Devil', 2010, 7.8, 144, 477, 2, 506, 669),
(555, 'Secret Sunshine', 2007, 7.5, 142, 477, 23, 507, 162),
(556, 'The Beast', 2019, 5.8, 130, 477, 2, 510, 402),
(557, 'King and the Clown', 2005, 7.1, 119, 477, 23, 511, 132),
(558, 'Himalaya, Where the Wind Dwells', 2008, 7.1, 125, 477, 23, 511, 132),
(559, 'The Edge', 1997, 6.9, 117, 213, 2, 512, 4),
(560, 'My Dear Enemy', 2008, 6.8, 123, 477, 23, 513, 132),
(561, 'Slim Susie', 2003, 6.9, 90, 768, 13, 514, 375),
(562, 'By the Law', 1926, 7.3, 80, 737, 18, 516, 339),
(563, 'The Great Consoler', 1933, 7.8, 95, 694, 13, 516, 471),
(564, 'Bound', 1996, 7.3, 108, 213, 18, 517, 341),
(565, 'Vanity', 2015, 6.3, 92, 260, 23, 518, 549),
(566, 'A Song for Martin', 2001, 7.4, 117, 768, 23, 519, 464),
(567, 'Wings of Glass', 2000, 7.5, 110, 768, 23, 519, 464),
(568, 'The Riot Club', 2014, 6.0, 107, 213, 23, 521, 113),
(569, 'Elevator to the Gallows', 1958, 8.0, 91, 260, 18, 522, 534),
(570, 'Mountain Patrol', 2004, 7.5, 126, 907, 4, 523, 361),
(571, 'The Fifth Element', 1997, 7.7, 126, 213, 2, 524, 329),
(572, 'The Moneychanger', 2019, 6.3, 97, 759, 13, 525, 553),
(573, 'The Holy Girl', 2004, 6.9, 106, 759, 23, 527, 418),
(574, 'The Discreet Charm of the Bourgeoisie', 1972, 7.9, 102, 260, 13, 528, 345),
(575, 'Belle de Jour', 1967, 7.7, 101, 260, 23, 528, 564),
(576, 'Pura Sangre', 1982, 7.1, 88, 759, 23, 529, 535),
(577, 'Girl', 2018, 7.2, 105, 188, 23, 530, 465),
(578, 'Together', 2000, 7.4, 106, 768, 13, 531, 464),
(579, 'We Are the Best!', 2013, 7.1, 102, 768, 13, 531, 464),
(580, 'Posthumous', 2014, 5.7, 94, 213, 13, 532, 57),
(581, 'Akaash Vani', 2013, 6.3, 149, 393, 23, 533, 789),
(582, 'Siam Square', 2017, 5.1, 111, 906, 132, 536, 326),
(583, 'Mad Max', 1979, 6.9, 88, 213, 2, 537, 401),
(584, 'The Nile Hilton Incident', 2017, 6.7, 106, 28, 18, 538, 74),
(585, 'Saaransh', 1984, 8.2, 137, 393, 23, 539, 596),
(586, 'Baran', 2001, 7.8, 94, 668, 23, 540, 442),
(587, 'The Color of Paradise', 1999, 8.2, 90, 668, 23, 540, 442),
(588, 'The Garden of Words', 2013, 7.5, 46, 422, 6, 541, 735),
(589, 'Searching for Sugar Man', 2012, 8.2, 86, 213, 22, 542, 600),
(590, 'The Boy and the Beast', 2015, 7.7, 119, 422, 6, 543, 690),
(591, 'Young Ones', 2014, 5.9, 100, 213, 2, 544, 694),
(592, 'Dil Se..', 1998, 7.6, 163, 393, 23, 545, 435),
(593, 'Guru', 2007, 7.7, 166, 393, 10, 545, 435),
(594, 'Mera Pind: My Home', 2008, 7.1, 160, 680, 23, 547, 109),
(595, 'Upkar', 1967, 7.4, 176, 393, 23, 548, 461),
(596, 'The Man from the Future', 2011, 7.1, 106, 677, 13, 549, 189),
(597, 'Plata Quemada', 2000, 7.1, 125, 759, 18, 550, 62),
(598, 'Rosa Luxemburg', 1986, 6.9, 123, 296, 10, 551, 704),
(599, 'Marianne & Juliane', 1981, 7.6, 106, 296, 10, 551, 101),
(600, 'Hope', 2019, 7.4, 126, 628, 23, 552, 493),
(601, 'Limbo', 2010, 7.6, 95, 628, 23, 552, 9),
(602, 'The Quiet Roar', 2014, 6.5, 105, 628, 23, 552, 493),
(603, 'Young & Wild', 2012, 6.3, 96, 759, 23, 553, 391),
(604, 'Extraordinary Stories', 2008, 7.5, 245, 759, 4, 554, 240),
(605, 'Can You Ever Forgive Me?', 2018, 7.1, 106, 213, 10, 556, 311),
(606, 'The Diary of a Teenage Girl', 2015, 6.9, 102, 213, 23, 556, 147),
(607, 'The Kings Choice', 2016, 7.0, 133, 628, 2, 557, 556),
(608, 'Fire-Eater', 1998, 6.9, 105, 246, 23, 558, 798),
(609, 'The Boat Is Full', 1981, 7.6, 100, 296, 23, 559, 187),
(610, 'The Departed', 2006, 8.5, 151, 213, 18, 561, 785),
(611, 'Taxi Driver', 1976, 8.2, 114, 213, 18, 561, 180),
(612, 'The Blue Elephant', 2014, 8.0, 170, 28, 18, 562, 517),
(613, 'Mind Game', 2004, 7.8, 103, 422, 6, 563, 689),
(614, 'The Human Condition I: No Greater Love', 1959, 8.5, 208, 422, 23, 564, 648),
(615, 'Sara', 1993, 7.9, 128, 668, 23, 565, 284),
(616, 'The Memory of Water', 2015, 6.5, 88, 759, 23, 566, 307),
(617, 'The Life of Fish', 2010, 6.7, 83, 759, 23, 566, 171),
(618, 'The Last Christeros', 2011, 6.8, 120, 759, 23, 567, 328),
(619, 'Yo', 2015, 5.3, 80, 759, 23, 567, 306),
(620, 'The Cramp', 2009, 6.1, 90, 759, 23, 567, 304),
(621, 'Good Evening, Mr. Wallenberg', 1990, 7.6, 118, 768, 23, 568, 624),
(622, 'The Guardian Angel', 1994, 7.6, 107, 768, 18, 568, 205),
(623, 'The Tower', 2018, 7.1, 73, 28, 6, 569, 717),
(624, 'Kingsman: The Secret Service', 2014, 7.7, 129, 213, 2, 571, 451),
(625, 'X-Men: First Class', 2011, 7.7, 131, 213, 2, 571, 452),
(626, 'Moon Rider', 2012, 7.0, 93, 149, 22, 573, 467),
(627, 'Ishrat: Made in China', 2010, 7.3, 94, 960, 23, 574, 687),
(628, 'Mother India', 1957, 8.1, 172, 393, 23, 576, 459),
(629, 'Hussein, Who Said No', 2014, 7.2, 100, 668, 23, 577, 224),
(630, 'The Saint', 1998, 4.8, 116, 668, 10, 577, 268),
(631, 'And the Oscar Goes To...', 2019, 8.2, 124, 554, 10, 578, 434),
(632, 'Munni Badnaam Hui Darling Tere Liye', 2013, 4.5, 5, 680, 23, 579, 378),
(633, 'Istanbul Beneath My Wings', 1996, 7.8, 90, 932, 22, 580, 819),
(634, 'Susuz Yaz', 1963, 8.2, 98, 932, 23, 581, 468),
(635, 'Time of Love', 1965, 7.7, 94, 932, 23, 581, 468),
(636, 'The World Is Not Enough', 1999, 6.4, 128, 213, 2, 582, 469),
(637, 'Armageddon', 1998, 6.7, 151, 213, 2, 583, 739),
(638, 'Bad Boys', 1995, 6.9, 119, 213, 2, 583, 180),
(639, 'The White Ribbon', 2009, 7.8, 144, 296, 23, 586, 794),
(640, 'The Insider', 1999, 7.8, 157, 213, 10, 587, 739),
(641, 'Love and Monsters', 2020, 7.0, 109, 213, 4, 588, 7),
(642, 'Fahrenheit 9/11', 2004, 7.5, 122, 213, 22, 589, 225),
(643, 'Flawless', 2007, 6.8, 108, 213, 18, 590, 437),
(644, 'Racer and the Jailbird', 2017, 6.4, 130, 188, 18, 591, 631),
(645, 'The Science of Sleep', 2006, 7.3, 105, 213, 23, 592, 567),
(646, 'Be Kind Rewind', 2008, 6.4, 102, 213, 13, 592, 518),
(647, 'Betibu', 2014, 6.2, 100, 759, 18, 594, 35),
(648, 'L.A. Without a Map', 1998, 6.0, 107, 213, 13, 595, 685),
(649, 'Escape Plan', 2013, 6.7, 115, 213, 2, 596, 695),
(650, 'The Rite', 2011, 6.0, 114, 213, 23, 596, 518),
(651, 'Another Year', 2010, 7.3, 129, 213, 13, 597, 726),
(652, 'Stationspiraten', 2010, 6.3, 95, 1014, 23, 598, 317),
(653, 'Glow', 2017, 6.2, 105, 1014, 23, 598, 317),
(654, 'The Surprise', 2015, 6.6, 102, 188, 13, 599, 737),
(655, 'Marjaavaan', 2019, 3.5, 152, 393, 2, 601, 705),
(656, 'Satyameva Jayate', 2018, 5.7, 140, 393, 2, 601, 705),
(657, '30 Days', 2006, 5.7, 90, 213, 23, 602, 719),
(658, 'Lucy', 2014, 6.4, 89, 213, 2, 604, 260),
(659, 'Haemoo', 2014, 6.9, 111, 477, 23, 605, 97),
(660, 'Eshtebak', 2016, 7.6, 97, 28, 23, 606, 291),
(661, 'Hepta: The Last Lecture', 2016, 6.9, 111, 28, 23, 607, 209),
(662, 'There Is No Evil', 2020, 7.2, 150, 668, 23, 609, 196),
(663, 'Aashiqui 2', 2013, 7.0, 132, 393, 23, 610, 705),
(664, 'Ek Villain', 2014, 6.4, 129, 393, 2, 610, 88),
(665, 'Half Girlfriend', 2017, 4.2, 135, 393, 23, 610, 88),
(666, 'A Moment of Innocence', 1996, 8.1, 78, 668, 10, 611, 443),
(667, 'Old Men in New Cars: In China They Eat Dogs II', 2002, 6.9, 95, 149, 2, 613, 530),
(668, 'Happy Phirr Bhag Jayegi', 2018, 4.6, 136, 393, 13, 615, 179),
(669, 'Limite', 1931, 7.4, 120, 677, 23, 616, 606),
(670, 'Little Vilma: The Last Diary', 2007, 7.5, 95, 400, 10, 617, 495),
(671, 'The Chaser', 2008, 7.9, 125, 477, 18, 618, 655),
(672, 'Load Wedding', 2018, 7.1, 136, 960, 13, 619, 292),
(673, 'La Marche', 2013, 6.6, 120, 260, 23, 620, 591),
(674, 'Mehrunisa V Lub U', 2017, 5.5, 137, 960, 490, 621, 756),
(675, 'Jungle Queen', 1991, 6.7, 165, 960, 2, 622, 550),
(676, 'Kala Sach', 2015, 7.3, 118, 393, 18, 623, 677),
(677, '3 Bahadur: The Revenge of Baba Balaam', 2016, 7.3, 105, 960, 6, 624, 21),
(678, 'Merry Christmas Mr. Lawrence', 1983, 7.3, 123, 213, 10, 625, 599),
(679, 'Empire of Passion', 1978, 6.6, 105, 422, 23, 625, 63),
(680, 'Caro Diario', 1993, 7.4, 96, 419, 10, 626, 86),
(681, 'A Silent Voice', 2016, 8.1, 130, 422, 6, 627, 647),
(682, 'Ishq Positive', 2016, 5.2, 130, 960, 490, 628, 261),
(683, 'Dil Deke Dekho', 1959, 6.6, 162, 393, 13, 629, 285),
(684, 'Tumsa Nahin Dekha', 1957, 7.0, 142, 393, 490, 629, 507),
(685, 'Gise Memuru', 2010, 3.9, 98, 932, 2, 631, 822),
(686, 'Dondurmam Gaymak', 2006, 7.8, 107, 932, 13, 632, 126),
(687, 'A Wednesday', 2008, 8.1, 104, 393, 18, 633, 318),
(688, 'Special 26', 2013, 8.0, 144, 393, 18, 633, 318),
(689, 'The Crying Game', 1992, 7.2, 112, 213, 23, 634, 551),
(690, 'District 9', 2009, 7.9, 112, 213, 2, 635, 741),
(691, 'How Tasty Was My Little Frenchman', 1971, 6.9, 84, 1015, 4, 636, 803),
(692, 'Son of Saul', 2015, 7.5, 107, 400, 23, 637, 409),
(693, 'Kara Murat: Fatihin Fermani', 1973, 5.8, 82, 932, 2, 638, 450),
(694, 'Dap Cánh Giua Không Trung', 2015, 6.7, 85, 968, 23, 640, 770),
(695, 'The Scent of Burning Flowers', 2019, 6.8, 102, 968, 23, 642, 628),
(696, 'The Beauty of the Stage', 2015, 6.2, 95, 968, 23, 643, 770),
(697, 'The Unseen River', 2010, 6.8, 103, 968, 23, 644, 770),
(698, 'Diablo', 2011, 6.3, 110, 759, 2, 646, 552),
(699, 'Rebel Without a Cause', 1955, 7.7, 111, 213, 23, 647, 785),
(700, 'Johnny Guitar', 1954, 7.6, 110, 213, 23, 647, 604),
(701, 'In a Lonely Place', 1950, 8.0, 94, 213, 73, 647, 180),
(702, 'The Invader', 2011, 6.8, 95, 260, 23, 648, 765),
(703, 'Ambassade', 2013, 6.8, 86, 260, 23, 649, 31),
(704, 'Drive', 2011, 7.8, 100, 213, 18, 650, 280),
(705, 'Only God Forgives', 2013, 5.7, 90, 213, 18, 650, 414),
(706, 'Phase 7', 2010, 6.1, 95, 759, 23, 651, 439),
(707, 'Whale Rider', 2002, 7.5, 101, 213, 23, 652, 679),
(708, 'Burnt by the Sun', 1994, 8.0, 135, 694, 23, 653, 181),
(709, '12', 2007, 7.7, 159, 694, 18, 653, 152),
(710, 'D-Day', 2013, 7.2, 153, 393, 2, 654, 206),
(711, 'A Royal Affair', 2012, 7.6, 137, 149, 10, 655, 805),
(712, 'The Enemy Within', 2013, 7.2, 113, 342, 18, 656, 774),
(713, 'Nikos the Impaler', 2003, 4.0, 90, 342, 132, 656, 479),
(714, 'Pathfinder', 1987, 6.9, 86, 701, 2, 658, 531),
(715, 'Tree of Knowledge', 1981, 7.5, 97, 149, 23, 659, 445),
(716, 'The Invisible', 2007, 6.2, 102, 213, 18, 660, 686),
(717, 'Chhichhore', 2019, 8.2, 143, 393, 13, 661, 506),
(718, 'The Set Up', 2019, 7.2, 105, 213, 18, 662, 377),
(719, 'The Ghost and the Tout', 2018, 6.2, 103, 213, 13, 662, 636),
(720, 'The Thomas Crown Affair', 1968, 7.0, 102, 213, 18, 664, 751),
(721, 'The Cool Lakes of Death', 1982, 6.3, 125, 188, 23, 665, 656),
(722, 'Winter Sleep', 2014, 8.1, 196, 932, 23, 666, 814),
(723, 'The Hands', 2006, 7.3, 99, 759, 13, 667, 381),
(724, 'The Substitute', 2007, 5.5, 93, 149, 2, 668, 530),
(725, 'The Endless River', 2015, 6.0, 112, 6, 23, 669, 487),
(726, 'Mapantsula', 1988, 7.4, 104, 6, 18, 671, 399),
(727, 'Life, Above All', 2010, 7.1, 100, 1011, 23, 671, 232),
(728, 'Wall Street', 1987, 7.4, 126, 213, 18, 672, 4),
(729, 'Personal Shopper', 2016, 6.1, 105, 213, 23, 673, 131),
(730, 'Young Gods', 2003, 6.1, 114, 246, 23, 674, 672),
(731, 'Touch of Evil', 1958, 8.0, 95, 213, 18, 677, 753),
(732, 'Play Dead', 1981, 5.8, 100, 296, 132, 678, 417),
(733, 'The Club', 2015, 7.2, 98, 759, 23, 679, 241),
(734, 'Carancho', 2010, 6.9, 107, 759, 18, 680, 489),
(735, 'Journeyman', 2017, 7.5, 92, 213, 23, 681, 277),
(736, 'Next Door', 2005, 6.6, 75, 628, 23, 682, 557),
(737, 'Bang Bang Wedding!', 1999, 6.3, 100, 342, 13, 683, 344),
(738, 'Little England', 2013, 7.9, 160, 342, 23, 684, 353),
(739, 'The Deer', 1974, 7.5, 97, 668, 18, 687, 659),
(740, 'Qeysar', 1969, 8.0, 96, 668, 18, 687, 659),
(741, 'My Heart Is That Eternal Rose', 1989, 7.1, 92, 89, 18, 690, 334),
(742, 'Wonder Woman', 2017, 7.4, 141, 213, 2, 691, 786),
(743, 'Still', 2018, 4.8, 96, 213, 59, 692, 744),
(744, 'Chill: The Killing Games', 2013, 3.4, 114, 213, 132, 692, 777),
(745, 'United 93', 2006, 7.5, 111, 213, 23, 693, 754),
(746, 'Total Recall', 1990, 7.5, 113, 213, 2, 695, 142),
(747, 'Phobia 2', 2009, 6.8, 125, 906, 132, 696, 327),
(748, 'My Summer of Love', 2004, 6.7, 86, 213, 23, 697, 52),
(749, 'Beginners', 2010, 7.2, 105, 674, 13, 698, 797),
(750, 'Cold War', 2018, 7.6, 89, 674, 23, 699, 545),
(751, 'Talk to Her', 2002, 8.0, 112, 759, 23, 700, 239),
(752, 'All About My Mother', 1999, 7.8, 101, 759, 23, 700, 239),
(753, 'Colossal Youth', 2006, 7.0, 156, 677, 23, 701, 538),
(754, 'Horse Money', 2014, 7.0, 103, 677, 23, 701, 538),
(755, 'Onnenpeli', 2005, 6.4, 109, 246, 13, 701, 405),
(756, 'Zoom', 2015, 6.1, 96, 213, 6, 702, 609),
(757, 'Big', 1988, 7.3, 104, 213, 13, 705, 4),
(758, 'Drabet', 2005, 6.8, 104, 149, 18, 706, 464),
(759, 'The Lord of the Rings: The Return of the King', 2003, 8.9, 201, 213, 4, 708, 518),
(760, 'The Lord of the Rings: The Fellowship of the Ring', 2001, 8.8, 178, 213, 4, 708, 518),
(761, 'The Lord of the Rings: The Two Towers', 2002, 8.7, 179, 213, 4, 708, 518),
(762, 'King Kong', 2005, 7.2, 187, 213, 2, 708, 754),
(763, 'Eternal Road', 2019, 6.7, 103, 246, 23, 709, 454),
(764, 'The Magdalene Sisters', 2002, 7.7, 114, 213, 23, 710, 324),
(765, 'The Truman Show', 1998, 8.1, 103, 213, 13, 711, 561),
(766, 'The Almost Man', 2012, 6.4, 75, 628, 13, 712, 319),
(767, 'Elling', 2001, 7.6, 89, 628, 13, 712, 533),
(768, 'Summer in Closed Eyes', 2003, 6.4, 100, 968, 23, 713, 269),
(769, 'Salt', 2010, 6.4, 100, 213, 2, 714, 180),
(770, 'The Robber', 2010, 6.8, 96, 296, 2, 715, 315),
(771, 'Storno', 2009, 7.4, 89, 296, 23, 715, 713),
(772, 'One Night Husband', 2003, 6.1, 107, 906, 23, 716, 167),
(773, 'Golem', 1980, 7.1, 113, 674, 23, 717, 812),
(774, 'Iris', 1987, 7.7, 97, 246, 23, 719, 698),
(775, 'Rowdy Rathore', 2012, 5.7, 140, 393, 2, 720, 253),
(776, 'Ong-Bak: Muay Thai Warrior', 2003, 7.2, 108, 906, 2, 721, 627),
(777, 'Muqaddar Ka Sikandar', 1978, 7.4, 189, 393, 23, 722, 580),
(778, 'The Lady Eve', 1941, 7.8, 94, 213, 13, 723, 561),
(779, 'A kis Valentino', 1979, 6.6, 89, 400, 23, 725, 436),
(780, 'Junk Mail', 1997, 6.7, 83, 628, 13, 726, 558),
(781, 'Budbringeren', 1997, 6.4, 80, 628, 23, 726, 558),
(782, 'American Rhapsody', 2001, 6.4, 106, 213, 23, 727, 560),
(783, 'Pulp Fiction', 1994, 8.9, 154, 213, 18, 728, 482),
(784, 'Microphone', 2010, 7.6, 120, 28, 23, 729, 484),
(785, 'Photocopy', 2017, 7.0, 120, 28, 23, 729, 484),
(786, 'Wahaca', 2016, 5.7, 75, 759, 23, 730, 587),
(787, 'Mera Naam Joker', 1970, 8.0, 224, 393, 23, 732, 592),
(788, 'Woh Kaun Thi?', 1964, 7.4, 140, 393, 23, 733, 592),
(789, 'Raid', 2018, 7.4, 122, 393, 2, 734, 705),
(790, 'The Legend of Bhagat Singh', 2002, 8.1, 155, 393, 10, 735, 732),
(791, 'Happy Ending', 2014, 5.5, 135, 393, 13, 736, 253),
(792, 'Gupt: The Hidden Truth', 1997, 7.3, 168, 393, 18, 737, 742),
(793, '3 Idiots', 2009, 8.4, 170, 393, 13, 738, 775),
(794, 'PK', 2014, 8.1, 153, 393, 13, 738, 595),
(795, 'Kaho Naa... Pyaar Hai', 2000, 6.9, 172, 393, 2, 739, 287),
(796, 'The Tales', 2014, 7.1, 88, 668, 23, 741, 641),
(797, 'The Invisible Woman', 2013, 6.1, 111, 213, 10, 742, 79),
(798, 'Shiva', 1989, 7.8, 145, 880, 2, 743, 762),
(799, 'Andaz', 1971, 6.7, 168, 393, 23, 744, 663),
(800, 'Mysteries of Lisbon', 2010, 7.5, 272, 677, 23, 746, 177),
(801, 'Bliss', 1985, 6.8, 112, 213, 23, 747, 16),
(802, 'Times and Winds', 2006, 7.2, 111, 932, 23, 748, 73),
(803, 'The Poor', 2013, 7.4, 111, 932, 23, 749, 458),
(804, 'I Am Not Him', 2013, 6.9, 125, 932, 23, 749, 458),
(805, 'The Long Kiss Goodnight', 1996, 6.8, 121, 213, 2, 750, 518),
(806, 'Today', 2014, 6.8, 88, 668, 23, 751, 214),
(807, 'The Daughter', 2016, 7.1, 104, 668, 23, 751, 268),
(808, 'Knives Out', 2019, 7.9, 130, 213, 13, 752, 414),
(809, 'Notting Hill', 1999, 7.1, 124, 213, 13, 755, 578),
(810, 'The Goonies', 1985, 7.8, 114, 213, 4, 756, 785),
(811, 'Before Sunrise', 1995, 8.1, 101, 213, 23, 757, 180),
(812, 'Blade Runner', 1982, 8.1, 117, 213, 517, 758, 785),
(813, 'City on Fire', 1987, 7.1, 101, 89, 2, 759, 334),
(814, 'Full Alert', 1997, 6.8, 97, 89, 2, 759, 714),
(815, 'Komal Gandhar', 1961, 7.7, 142, 65, 23, 761, 340),
(816, 'Cold Prey', 2006, 6.3, 97, 628, 23, 762, 700),
(817, 'When Harry Met Sally...', 1989, 7.6, 96, 213, 13, 763, 180),
(818, 'A Few Good Men', 1992, 7.7, 138, 213, 23, 763, 180),
(819, 'Gosford Park', 2001, 7.3, 131, 213, 23, 764, 746),
(820, 'Pickpocket', 1959, 7.7, 75, 260, 18, 765, 185),
(821, 'The Lighthouse', 2019, 7.5, 109, 213, 23, 766, 13),
(822, 'Sin City', 2005, 8.0, 124, 213, 18, 767, 217),
(823, 'Cast Away', 2000, 7.8, 143, 213, 4, 768, 4),
(824, 'Life Is Beautiful', 1997, 8.6, 116, 419, 13, 769, 462),
(825, 'Stronger Than Ever', 1991, 7.0, 105, 759, 23, 771, 497),
(826, 'Death Race 2', 2010, 5.6, 96, 213, 2, 772, 754),
(827, 'The Bank Job', 2008, 7.2, 111, 213, 18, 773, 414),
(828, 'The Red Light Bandit', 1968, 6.9, 92, 677, 18, 774, 164),
(829, 'Desi Boyz', 2011, 5.9, 122, 393, 13, 775, 253),
(830, 'Dishoom', 2016, 5.1, 124, 393, 2, 775, 506),
(831, 'Chennai Express', 2013, 6.0, 141, 393, 2, 776, 601),
(832, 'Singham', 2011, 6.8, 143, 393, 2, 776, 602),
(833, 'Golmaal Again', 2017, 5.0, 140, 393, 2, 776, 602),
(834, 'The Pianist', 2002, 8.5, 150, 213, 10, 779, 302),
(835, 'A Beautiful Mind', 2001, 8.2, 135, 213, 10, 780, 754),
(836, 'A Pigeon Sat on a Branch Reflecting on Existence', 2014, 6.7, 101, 768, 13, 781, 618),
(837, 'The Square', 2017, 7.2, 151, 768, 13, 782, 577),
(838, 'Force Majeure', 2014, 7.7, 120, 768, 13, 782, 577),
(839, 'Dust on the Tongue', 2014, 7.0, 100, 759, 23, 783, 800),
(840, 'Echo of the Mountain', 2014, 7.1, 83, 759, 23, 784, 188),
(841, 'Life Partner', 2009, 6.3, 138, 393, 13, 785, 654),
(842, 'Resident Evil: Extinction', 2007, 6.3, 94, 213, 2, 787, 635),
(843, 'Creed', 2015, 7.6, 133, 213, 23, 789, 786),
(844, 'Interrogation', 1982, 7.9, 118, 674, 23, 791, 811),
(845, 'The Clearing', 1981, 7.2, 107, 674, 23, 791, 811),
(846, 'Eega', 2012, 7.8, 145, 880, 2, 793, 761),
(847, 'Heart of a Lion', 2013, 6.8, 104, 246, 23, 794, 295),
(848, 'Dukhtar', 2014, 7.1, 93, 960, 23, 795, 816),
(849, 'Housefull', 2010, 5.5, 144, 393, 2, 796, 253),
(850, 'Housefull 2', 2012, 5.4, 145, 393, 2, 796, 253),
(851, 'The Party', 2017, 6.6, 71, 213, 13, 797, 29),
(852, 'American Beauty', 1999, 8.3, 122, 213, 23, 798, 229),
(853, 'Spider-Man', 2002, 7.3, 121, 213, 2, 799, 180),
(854, 'Evil Dead II', 1987, 7.8, 84, 213, 13, 799, 603),
(855, 'Fifty Shades of Grey', 2015, 4.1, 125, 213, 23, 800, 302),
(856, 'At Five in the Afternoon', 2003, 7.2, 105, 668, 23, 802, 443),
(857, 'Mayfair', 2018, 6.2, 124, 213, 18, 805, 646),
(858, 'Dis Ek, Anna', 2015, 6.8, 120, 6, 23, 805, 104),
(859, 'Take This Waltz', 2011, 6.6, 116, 213, 23, 806, 251),
(860, 'Manto', 2015, 7.4, 112, 960, 10, 807, 722),
(861, 'Perfect Blue', 1997, 8.0, 81, 422, 6, 808, 433),
(862, 'Apu Sansar', 1959, 8.5, 104, 65, 23, 809, 12),
(863, 'Dosti', 1964, 8.0, 163, 393, 23, 810, 77),
(864, 'Shine', 1996, 7.7, 105, 213, 10, 811, 293),
(865, 'Into the Wild', 2007, 8.1, 148, 213, 4, 812, 563),
(866, 'The Pledge', 2001, 6.8, 124, 213, 18, 812, 490),
(867, 'Black Book', 2006, 7.8, 145, 188, 23, 813, 320),
(868, 'Little Wing', 2016, 6.9, 100, 246, 23, 815, 444),
(869, 'Stupid Young Heart', 2018, 6.5, 102, 246, 23, 815, 444),
(870, 'Honey', 2010, 6.8, 103, 932, 23, 816, 621),
(871, 'Nazli the Sweet Virus', 2006, 5.2, 90, 932, 13, 817, 660),
(872, 'Alexander Nevsky', 1938, 7.5, 112, 694, 23, 818, 492),
(873, 'The Distance', 2006, 6.0, 80, 759, 23, 819, 178),
(874, 'The Good, the Bad and the Ugly', 1966, 8.8, 178, 419, 974, 820, 585),
(875, 'Veteran', 2015, 7.0, 123, 477, 2, 821, 132),
(876, 'Aradhana', 1969, 7.6, 169, 393, 289, 823, 642),
(877, 'Iron Man 3', 2013, 7.1, 130, 213, 2, 824, 453),
(878, 'The Nice Guys', 2016, 7.4, 116, 213, 2, 824, 658),
(879, 'Kiss Kiss Bang Bang', 2005, 7.5, 103, 213, 2, 824, 658),
(880, 'Primer', 2004, 6.9, 77, 213, 23, 825, 728),
(881, 'This Is England', 2006, 7.6, 101, 213, 18, 826, 277),
(882, 'Incendiary', 2008, 5.9, 96, 213, 23, 828, 58),
(883, 'Ishq Khuda', 2013, 5.3, 170, 960, 490, 830, 115),
(884, 'Al-Haram', 2005, 7.5, 114, 28, 18, 831, 67),
(885, 'Women Without Men', 2009, 6.4, 95, 668, 23, 833, 256),
(886, 'Khuda Kay Liye', 2007, 8.4, 170, 960, 18, 834, 331),
(887, 'Vicky Donor', 2012, 7.8, 126, 393, 13, 835, 612),
(888, 'Love Letter', 1995, 8.0, 117, 422, 23, 836, 649),
(889, 'Mandi', 1983, 7.5, 170, 393, 23, 837, 105),
(890, 'Bang Bang!', 2014, 5.5, 153, 393, 2, 839, 313),
(891, 'Network', 1976, 8.1, 121, 213, 23, 840, 469),
(892, 'Coronation', 2000, 6.3, 96, 759, 23, 841, 61),
(893, 'Bread and Tulips', 2000, 7.3, 114, 419, 13, 842, 34),
(894, 'Goodbye Christopher Robin', 2017, 7.1, 107, 213, 10, 843, 311),
(895, 'Quigley Down Under', 1990, 6.8, 119, 213, 2, 844, 425),
(896, 'Paraiso Travel', 2008, 7.0, 117, 759, 4, 845, 308),
(897, 'The Snitch Cartel', 2011, 6.6, 107, 759, 2, 846, 141),
(898, 'Love Exposure', 2008, 8.1, 237, 422, 13, 847, 542),
(899, 'Lost in Translation', 2003, 7.7, 102, 213, 23, 849, 302),
(900, 'Yesterday, Today and Tomorrow', 1963, 7.3, 119, 419, 13, 850, 184),
(901, 'Jai Ho', 2014, 5.3, 135, 393, 2, 851, 671),
(902, 'The Elephant Garden', 2008, 7.2, 113, 906, 23, 852, 718),
(903, 'Innocent Steps', 2005, 6.7, 110, 477, 13, 853, 651),
(904, 'Blue Swallow', 2005, 6.3, 147, 477, 10, 853, 132),
(905, 'Bluebeard', 2017, 6.2, 117, 477, 845, 854, 651),
(906, 'Her', 2013, 8.0, 126, 213, 23, 857, 785),
(907, 'Do the Right Thing', 1989, 7.9, 120, 213, 23, 858, 10),
(908, 'Landscape After the Battle', 1970, 7.1, 100, 674, 23, 860, 548),
(909, 'The Departure', 1967, 7.1, 85, 674, 23, 860, 548),
(910, 'Charade', 1963, 7.9, 113, 213, 13, 861, 754),
(911, '2001: A Space Odyssey', 1968, 8.3, 149, 213, 4, 862, 469),
(912, 'Rouge', 1987, 7.4, 96, 89, 23, 863, 334),
(913, 'Schultze Gets the Blues', 2003, 7.3, 114, 296, 13, 864, 639),
(914, 'Breaking the Waves', 1996, 8.0, 159, 213, 23, 865, 540),
(915, 'Kung Fu Hustle', 2004, 7.7, 99, 89, 2, 867, 180),
(916, 'Shaolin Soccer', 2001, 7.3, 87, 89, 2, 867, 482),
(917, 'Billy Elliot', 2000, 7.7, 110, 213, 23, 868, 754),
(918, 'Hoop Dreams', 1994, 8.3, 170, 213, 22, 869, 398),
(919, '12 Years a Slave', 2013, 8.1, 134, 213, 10, 870, 311),
(920, 'The Land Before Time X: The Great Longneck Migration', 2003, 6.2, 84, 213, 6, 873, 754),
(921, 'Daens', 1992, 7.7, 138, 188, 10, 874, 263),
(922, 'Khalnayak', 1993, 7.3, 190, 393, 2, 875, 496),
(923, 'Badla', 2019, 7.8, 118, 393, 18, 876, 601),
(924, 'Dosti: Friends Forever', 2005, 5.8, 136, 393, 23, 877, 764),
(925, 'Sea Fog', 2014, 6.9, 111, 477, 23, 878, 348),
(926, 'Pride', 2007, 7.8, 104, 213, 10, 881, 727),
(927, 'Desperately Seeking Susan', 1985, 6.0, 104, 213, 13, 882, 546),
(928, 'She Devil', 1989, 5.5, 99, 213, 13, 882, 546),
(929, 'One Way Ticket', 1935, 5.5, 61, 213, 13, 883, 172),
(930, 'The Burgomeister', 1935, 5.2, 57, 213, 13, 883, 172),
(931, 'Actor in Law', 2016, 7.5, 116, 960, 13, 886, 292),
(932, 'Jeeva', 1995, 7.2, 164, 960, 490, 887, 640),
(933, 'Lamarca', 1994, 6.9, 175, 677, 10, 888, 482),
(934, 'Mifune', 1999, 6.8, 98, 149, 13, 889, 530),
(935, 'The Boys from St. Petri', 1991, 7.1, 109, 149, 23, 889, 530),
(936, 'Island of Lost Souls', 2007, 5.7, 100, 149, 23, 889, 197),
(937, 'Dr. Bong', 2017, 5.2, 108, 477, 13, 891, 368),
(938, 'What We Do in the Shadows', 2014, 7.7, 86, 213, 13, 892, 213),
(939, 'Jojo Rabbit', 2019, 7.9, 108, 213, 13, 892, 311),
(940, 'Audition', 1999, 7.2, 115, 422, 23, 893, 542),
(941, 'Hana-bi', 1997, 7.8, 103, 422, 18, 894, 90),
(942, 'Qalb El-Asad', 2008, 7.2, 132, 28, 2, 895, 32),
(943, 'Villa 69', 2013, 6.3, 110, 28, 23, 897, 270),
(944, '12 Monkeys', 1995, 8.0, 129, 213, 290, 900, 754),
(945, 'Monty Python and the Holy Grail', 1975, 8.2, 91, 213, 4, 901, 590),
(946, 'Life of Brian', 1979, 8.1, 94, 213, 13, 901, 351),
(947, 'O Katiforos', 1962, 7.2, 99, 342, 13, 902, 296),
(948, 'The Weeping Meadow', 2004, 7.9, 170, 342, 23, 903, 344),
(949, 'Eternity and a Day', 1998, 7.8, 137, 342, 23, 903, 344),
(950, 'Interview', 2003, 6.8, 84, 188, 23, 904, 182),
(951, 'The Hunt', 2012, 8.3, 115, 149, 23, 906, 805),
(952, 'The Celebration', 1998, 8.0, 105, 149, 23, 906, 526),
(953, 'Submarino', 2010, 7.6, 111, 149, 23, 906, 526),
(954, 'Kingdom of Ashes', 2010, 6.4, 110, 906, 23, 907, 729),
(955, 'Paan Singh Tomar', 2010, 8.2, 135, 393, 2, 908, 748),
(956, 'Saheb Biwi Aur Gangster', 2011, 7.2, 118, 393, 2, 908, 117),
(957, 'Haasil', 2003, 7.7, 147, 393, 18, 908, 390),
(958, 'Bullett Raja', 2013, 5.0, 138, 393, 2, 908, 117),
(959, 'Batman', 1989, 7.5, 126, 213, 2, 909, 785),
(960, 'Alice in Wonderland', 2010, 6.4, 108, 213, 4, 909, 784),
(961, 'Night Watch', 2004, 6.4, 114, 694, 2, 910, 311),
(962, 'In the Bedroom', 2001, 7.4, 130, 213, 18, 911, 338),
(963, 'The Hangover', 2009, 7.7, 100, 213, 13, 912, 785),
(964, 'Joker', 2019, 8.4, 122, 213, 18, 912, 785),
(965, 'Butterflies', 2018, 5.4, 117, 932, 13, 913, 397),
(966, 'Les Misérables', 2012, 7.6, 158, 213, 23, 914, 754),
(967, 'The Danish Girl', 2015, 7.1, 119, 213, 10, 914, 302),
(968, 'Run Lola Run', 1998, 7.6, 81, 296, 18, 916, 675),
(969, 'The Snowman', 2017, 5.1, 119, 213, 18, 917, 754),
(970, 'Autumn Spring', 2001, 7.8, 110, 143, 13, 918, 154),
(971, 'Dvojrole', 2001, 6.4, 94, 143, 13, 918, 820),
(972, 'The Moon and the Meadow', 2008, 6.7, 106, 143, 13, 918, 279),
(973, 'Desires', 1979, 6.2, 90, 342, 23, 919, 353),
(974, 'Up North', 2018, 6.1, 99, 213, 23, 920, 47),
(975, 'I Come with the Rain', 2009, 5.5, 114, 213, 18, 921, 165),
(976, 'Goodbye, Dragon Inn', 2003, 7.2, 82, 1013, 23, 922, 151),
(977, 'The Blade', 1995, 7.6, 101, 89, 2, 923, 274),
(978, 'Maami', 2011, 6.8, 129, 996, 23, 924, 440),
(979, 'Boleiros: Era uma Vez o Futebol...', 1998, 7.3, 102, 677, 13, 925, 541),
(980, 'Sista dansen', 1993, 5.4, 99, 768, 23, 926, 464),
(981, 'Import/Export', 2007, 7.1, 141, 296, 23, 927, 750),
(982, 'Home', 2008, 6.9, 98, 260, 23, 929, 116),
(983, 'Sister', 2012, 7.1, 97, 260, 23, 929, 60),
(984, 'Reclaiming Pakistan', 2016, 7.9, 58, 960, 22, 931, 447),
(985, 'Fruit of Paradise', 1970, 7.0, 98, 143, 23, 932, 288),
(986, 'Hotel St. Pauli', 1988, 5.4, 92, 628, 23, 933, 582),
(987, 'Miss Julie', 1999, 6.6, 103, 213, 23, 933, 37),
(988, 'Reisen til havet', 2003, 7.0, 99, 628, 23, 933, 531),
(989, 'The Wind', 1928, 8.3, 95, 737, 23, 934, 469),
(990, 'Las Insomnes', 1975, 5.5, 85, 759, 13, 935, 768),
(991, 'Parinda', 1989, 7.9, 154, 393, 2, 936, 776),
(992, 'Guide', 1965, 8.5, 183, 393, 23, 937, 511),
(993, '1920', 2008, 6.4, 138, 393, 132, 938, 22),
(994, '491', 1964, 5.5, 85, 768, 23, 939, 625),
(995, 'What Dreams May Come', 1998, 7.1, 113, 213, 23, 941, 578),
(996, 'Bicycle Thieves', 1948, 8.3, 89, 419, 23, 943, 584),
(997, 'The Idiot', 2003, 6.9, 108, 694, 23, 944, 492),
(998, 'The Master and Margarita', 2005, 7.9, 500, 694, 23, 944, 492),
(999, 'Letter to a Child', 2009, 7.1, 90, 748, 23, 945, 346),
(1000, 'All My Good Countrymen', 1968, 7.6, 113, 143, 23, 946, 289),
(1001, 'The Tin Drum', 1979, 7.5, 142, 296, 23, 947, 63),
(1002, 'Lost in Paradise', 2011, 7.6, 103, 968, 23, 948, 771),
(1003, 'Dream of Light', 1992, 8.0, 138, 759, 22, 950, 716),
(1004, 'The Spirit of the Beehive', 1973, 8.0, 98, 759, 23, 950, 243),
(1005, 'The Rose Seller', 1998, 7.8, 116, 759, 23, 951, 125),
(1006, 'Daisies', 1966, 7.4, 74, 143, 13, 952, 288),
(1007, 'Serra Pelada', 2013, 7.0, 145, 677, 10, 953, 536),
(1008, 'Marighella', 2019, 6.4, 155, 677, 2, 953, 536),
(1009, 'Tropa de Elite', 2007, 8.1, 115, 677, 2, 953, 801),
(1010, 'Trash', 2014, 6.7, 114, 677, 4, 953, 754),
(1011, 'Elite Squad: The Enemy Within', 2010, 8.1, 115, 677, 2, 953, 801),
(1012, 'Catch.er', 2017, 5.6, 86, 213, 18, 954, 282),
(1013, 'The CEO', 2016, 5.0, 105, 213, 845, 954, 282),
(1014, 'Bicho de Sete Cabeças', 2000, 8.1, 74, 677, 23, 955, 457),
(1015, 'Rosemarys Baby', 1968, 8.0, 137, 213, 23, 958, 561),
(1016, 'Moonrise Kingdom', 2012, 7.8, 94, 213, 4, 959, 374),
(1017, 'A Nightmare on Elm Street', 1984, 7.5, 91, 213, 132, 960, 518),
(1018, 'Scream', 1996, 7.3, 111, 213, 132, 960, 217),
(1019, 'Salvadora', 2016, 7.4, 77, 759, 23, 961, 321),
(1020, 'Ip Man', 2008, 8.0, 106, 89, 2, 962, 446),
(1021, 'Buena Vista Social Club', 1999, 7.6, 105, 759, 22, 963, 615),
(1022, 'Tears of the Black Tiger', 2000, 7.0, 110, 906, 2, 964, 437),
(1023, 'Citizen Dog', 2004, 7.4, 100, 906, 13, 964, 626),
(1024, 'The Saragossa Manuscript', 1965, 8.0, 182, 674, 4, 965, 393),
(1025, 'The Hourglass Sanatorium', 1973, 7.9, 124, 674, 23, 965, 810),
(1026, 'The Doll', 1968, 7.7, 94, 674, 23, 965, 810),
(1027, 'The Bone Man', 2009, 7.1, 117, 296, 18, 967, 226),
(1028, 'Das Boot', 1981, 8.4, 149, 296, 4, 968, 92),
(1029, '2046', 2004, 7.4, 129, 89, 23, 969, 108),
(1030, 'Manhattan', 1979, 7.9, 96, 213, 13, 970, 751),
(1031, 'Thirst', 2009, 7.1, 133, 477, 23, 971, 485),
(1032, 'Wolf Warrior 2', 2017, 6.6, 123, 1013, 2, 972, 94),
(1033, 'The Wandering Earth', 2019, 6.0, 125, 1013, 2, 972, 158),
(1034, 'SPL: Kill Zone', 2005, 7.0, 93, 89, 2, 972, 1),
(1035, 'Pitbull. Tough Women', 2016, 6.5, 135, 674, 2, 973, 712),
(1036, 'Heartbeats', 2010, 7.2, 101, 260, 23, 974, 474),
(1037, 'Journey of Hope', 1990, 7.7, 108, 296, 23, 975, 670),
(1038, 'Dil To Pagal Hai', 1997, 7.1, 179, 393, 23, 978, 795),
(1039, 'Tokyo Story', 1953, 8.2, 136, 422, 23, 979, 650),
(1040, 'Late Spring', 1949, 8.2, 108, 422, 23, 979, 650),
(1041, 'Tokyo Twilight', 1957, 7.9, 141, 422, 23, 979, 650),
(1042, 'Muhsin Bey', 2002, 7.1, 118, 932, 23, 980, 818),
(1043, 'The Waiting Room', 2015, 6.9, 100, 932, 23, 981, 758),
(1044, 'Why Has Bodhi-Dharma Left for the East?: A Zen Fable', 1989, 7.9, 137, 477, 23, 982, 159),
(1045, 'Master', 2016, 6.6, 143, 477, 2, 983, 521),
(1046, 'Psychokinesis', 2018, 5.9, 101, 477, 2, 983, 521),
(1047, 'The Lobster', 2015, 7.2, 119, 213, 13, 984, 242),
(1048, 'Mobile Suit Gundam', 1979, 8.0, 30, 422, 6, 986, 527),
(1049, 'Out of Order', 2003, 6.3, 105, 28, 13, 987, 484),
(1050, 'El Nazer', 2000, 6.3, 115, 28, 2, 987, 484),
(1051, 'After the Battle', 2012, 6.6, 122, 28, 23, 988, 484),
(1052, 'Destiny', 1997, 7.8, 135, 28, 10, 989, 484),
(1053, 'The Water Diviner', 2014, 7.0, 111, 213, 23, 990, 360),
(1054, 'The Enemy', 1979, 8.1, 114, 932, 23, 991, 149),
(1055, 'The Good Son', 2011, 6.6, 87, 246, 23, 992, 25),
(1056, 'Marias Paradise', 2019, 6.7, 110, 246, 10, 992, 25),
(1057, 'Pardon', 2005, 7.3, 90, 932, 13, 993, 662),
(1058, 'The Bandit', 1996, 7.7, 128, 932, 18, 993, 662),
(1059, 'Martyrs of Love', 1978, 6.3, 78, 932, 23, 993, 48),
(1060, 'Fate', 2001, 7.4, 106, 932, 23, 994, 455),
(1061, 'The Confession', 2002, 7.7, 105, 932, 23, 994, 455),
(1062, 'A Touch of Sin', 2013, 7.1, 125, 1013, 18, 997, 644),
(1063, 'The Boys of Paul Street', 1969, 8.3, 110, 400, 23, 998, 436),
(1064, 'Gully Boy', 2019, 8.1, 153, 393, 23, 999, 262),
(1065, 'Zindagi Na Milegi Dobara', 2011, 8.1, 155, 393, 4, 999, 262),
(1066, 'Yadigar', 2019, 7.7, 126, 932, 23, 1000, 102),
(1067, 'My Father and My Son', 2005, 8.0, 112, 932, 23, 1001, 661),
(1068, 'The Legend of the Ugly King', 1978, 8.1, 97, 932, 10, 1002, 543),
(1069, 'Anayurt Oteli', 1987, 7.1, 130, 932, 23, 1002, 661),
(1070, 'Mazany Filip', 2003, 6.1, 99, 143, 13, 1004, 99),
